3.669048e-02 1.621184e-01
6.114693e-02 1.292311e+00
4.863522e-02 1.540690e+01
4.525916e-02 4.712705e+00
2.640579e-02 3.820636e+00
3.192922e-02 1.611449e+00
9.866980e-02 7.325258e-02
4.712713e-02 1.705165e+00
4.326929e-02 6.002962e-02
1.083562e-01 2.615091e+00
5.960360e-02 5.304167e+00
3.755695e-02 5.414688e-02
2.557545e-02 1.301109e+01
4.024692e-02 8.013363e-02
5.039281e-02 1.488739e+00
5.825377e-02 1.822906e+02
5.854980e-02 6.708071e+00
6.140207e-02 1.412519e+00
5.324396e-02 6.137583e-02
5.000559e-02 2.164094e+00
6.491740e-02 6.279685e-02
6.062205e-02 1.644188e+00
4.227388e-02 7.586882e-02
8.129199e-02 1.456379e+00
2.774395e-02 1.990711e+00
4.342442e-02 1.918606e+00
8.676784e-02 2.679910e-01
5.240538e-02 4.878698e+00
4.148115e-02 1.430371e+00
1.771570e-01 6.407703e+00
5.023266e-02 2.595901e-01
8.337097e-02 5.271046e-02
7.224957e-02 1.366597e+00
2.561366e-02 1.143161e+01
7.429453e-02 3.037229e+00
6.045257e-02 1.857341e+01
