1     0.003050203104754390     4  aab+21a    1.142345E-20    14  aab+21a    0.138799143080     10  bbc+24     7.1E-6          21  aab+21a    UL[hrm+11]       1.818   -1.449 1.022  8.900  FermiAssoc,gbt350,fast_gpps                                              4.23e+09 1.89e+08  1.6e+34
2     0.00486545328635212     5  abb+23     1.01738E-20      3  abb+23     0.0                   0  0          0.0                0  0          NULL                0.329   -0.278 0.162  8.569  misc,FermiBlind,gbncc,lotaas                                             7.58e+09 2.25e+08  3.5e+33
3     0.0018771818845850      2  aaa+10b    4.9660E-21      10  aaa+10b    1.58928182532      14  dcl+16     4.3E-6           7  dcl+16     He[bkb+95]       1.349   -1.251 0.469  8.685  pks70,FermiBlind,gbncc                                                   5.99e+09 9.77e+07  3.0e+34
4     0.0025731519721683      2  kcj+12     5.16E-21         3  kcj+12     1.787596706         2  kcj+12     0.000000        15  kcj+12     He[kcj+12]       1.001   -0.796 -0.519 8.186  FermiAssoc                                                               7.9e+09  1.17e+08  1.2e+34
5     0.0029641124215882      8  saa+23     1.141E-20        4  saa+23     1.6721495640       10  bbc+24     0.0                0  0         He[hrm+11]       2.310   -0.565 1.838  9.781  FermiAssoc,gbt350                                                        4.11e+09 1.86e+08  1.7e+34

6     0.0023645697763006      5  mgf+19     2.919E-21       12  mgf+19     0.0                   0  0          0.0                0  0          NULL                1.622   -1.081 0.724  9.468  ar327,FermiAssoc                                                         1.28e+10 8.41e+07  8.7e+33
7     0.0051733218641960      4  mzl+23     1.4281E-20      11  mzl+23     49.96398986         5  mzl+23     0.00019377       8  mzl+23     He[mzl+23]       1.837   -1.581 0.315  9.381  fast_crafts                                                              5.74e+09 2.75e+08  4.1e+33
8     0.3507309921413         4  wyw+23     1.11E-18        13  wyw+23     0.0                   0  0          0.0                0  0          NULL                2.240   -0.689 1.420  10.089 fast_crafts                                                              5.02e+09 1.99e+10  1.0e+30
9     0.00232309053151224     8  dcl+16     7.73955E-20      7  dcl+16     2.02884611561       9  dcl+16     6.8E-6           4  dcl+16     He[ker96]        3.150   -0.949 1.950  10.784 misc,FermiBlind,gbncc                                                    4.76e+08 4.29e+08  2.4e+35
10    0.0026008347856317      3  brj+21     1.6873E-20       5  brj+21     0.0                   0  0          0.0                0  0          NULL                1.853   -0.490 1.028  9.962  FermiAssoc                                                               2.44e+09 2.12e+08  3.8e+34

11    0.0025415543469461      3  drc+21     7.572E-21        8  drc+21     0.2024406403        9  drc+21     0.00011          8  drc+21     UL[drc+21]       1.170   -0.576 0.448  9.414  FermiAssoc                                                               5.32e+09 1.4e+08   1.8e+34
12    0.003156088688500       3  saa+23     1.726E-20       10  saa+23     37.10775488         9  bbc+24     0.0033214       10  saa+23     UNKN                0.386   0.095  0.279  8.749  FermiAssoc,gbt350                                                        2.9e+09  2.36e+08  2.2e+34
13    0.0037043355330862      3  saa+23     1.9723E-20       6  saa+23     0.0974588765       11  saa+23     0.0                0  0          UL[trr+21]       0.817   -0.647 -0.100 8.989  misc,FermiAssoc                                                          2.98e+09 2.74e+08  1.5e+34
14    0.0051898521745201     14  wlc+21     1.762E-20        3  wlc+21     0.0                   0  0          0.0                0  0          NULL                1.328   -0.916 0.026  9.461  FermiAssoc                                                               4.67e+09 3.06e+08  5.0e+33
15    0.26920054092953       13  hlk+04     7.3505E-18      10  hlk+04     0.0                   0  0          0.0                0  0          NULL                2.410   -0.337 1.181  10.574 gb2,lotaas,fast_gpps                                                     5.8e+08  4.5e+10   1.5e+31

16    0.00273258863244        9  rsa+14     1.7666E-20       9  rsa+14     1.629401788         5  rsa+14     0.000691776     20  rsa+14     He[rsa+14]      1.300   -0.651 0.196  9.608  gbt350,ar327,fast_gpps                                                   2.45e+09 2.22e+08  3.4e+34
17    0.003299339366490734    17  abb+18     7.0470E-21      12  abb+18    0.0                  0  0          0.0                0  0          NULL                1.603   -0.306 0.695  9.912  FermiAssoc,gbt350,fast_gpps                                              7.42e+09 1.54e+08  7.7e+33
18    0.00291018473           9  saa+23     1.3662E-20       9  saa+23     0.0                   0  0          0.0                0  0         NULL                2.205   0.441  1.344  10.191 misc,FermiAssoc                                                          3.37e+09 2.02e+08  2.2e+34
19    0.005757451941593412     7  rbs+24     5.729220E-20     5  rbs+24     5.7410459           4  rhc+16     1.91805E-5      10  rbs+24     He[vbv+08]       0.157   -0.105 -0.112 8.533  pks70,FermiBlind,pkshl                                                   1.59e+09 5.81e+08  1.2e+34
20    0.00299528235041382     9  wyw+23     7.996E-21        9  wyw+23     0.0                   0  0          0.0                0  0          NULL                0.925   -0.209 0.065  9.399  fast_crafts                                                              5.93e+09 1.57e+08  1.2e+34

21    0.045781816872951       4  msf+15     1.8612E-19       8  msf+15     4.072468649         4  msf+15     0.11251844       8  msf+15     NS[msf+15]       0.521   -0.154 -0.036 8.997  ar327,fast_gpps                                                          3.9e+09  2.95e+09  7.7e+31
22    0.2223665151982         7  bfrs18     1.16047E-17     15  bfrs18     0.0                   0  0          0.0                0  0          NULL                0.158   -0.025 -0.006 8.656  ar4,lotaas,fast_gpps                                                     3.04e+08 5.14e+10  4.2e+31
23    0.07823367572048       13  why+25     7.36E-19         3  why+25     11.7261813          4  why+25     0.2901088       10  why+25     NS[why+25]       1.933   0.016  0.252  10.417 fast_gpps                                                                1.68e+09 7.68e+09  6.1e+31
24    0.0043881599698794      4  saa+23     1.2618E-20       6  saa+23     0.0                   0  0          0.0                0  0          NULL                2.392   0.746  1.311  10.357 FermiAssoc                                                               5.51e+09 2.38e+08  5.9e+33
25    0.00272795420005466     8  saa+23     4.717E-21        3  saa+23     55.67233473         8  saa+23     0.00037384      16  saa+23     He[san16]        0.215   0.030  0.022  8.712  FermiAssoc,ar327,fast_gpps                                               9.16e+09 1.15e+08  9.2e+33

26    0.00386132476693726     9  vbc+22     1.232661E-20    11  vbc+22     0.28601600633       3  vbc+22     2.3E-5           5  vbc+22     UL[pmd+12]       1.389   -0.433 -0.977 9.387  pkshl,FermiBlind,gbncc                                                   4.96e+09 2.21e+08  8.5e+33
27    0.003061844088094675     4  abb+23     9.59067E-21      8  abb+23     1.198512575192      8  abb+23     5.35E-6          4  abb+23     He[lnl+95]       0.780   -0.126 -0.390 9.164  pks70,FermiBlind,gbncc                                                   5.06e+09 1.73e+08  1.3e+34
28    0.00314866958536681     4  cpb+23     1.7419E-20       4  cpb+23     53.58461255         3  cpb+23     0.00018080       4  cpb+23     He[rrc+11]       0.667   -0.248 -0.539 8.805  FermiAssoc,gbncc                                                         2.86e+09 2.37e+08  2.2e+34
29    0.0027217879391872      4  san16      2.483E-20        3  san16      1.256356677         3  san16      0.0                0  0          He[san16]        1.100   0.097  -0.136 9.587  FermiAssoc                                                               1.74e+09 2.63e+08  4.9e+34
30    0.0087715338055288     16  why+25     3.47E-20         4  why+25     9.54626602          4  why+25     1.1e-5           0  why+25     He[why+25]       1.786   -0.149 -0.790 10.095 fast_gpps                                                                4.01e+09 5.58e+08  2.0e+33

31    0.00286895289071925     4  saa+23     3.44901E-21     13  saa+23     0.06655134112       6  saa+23     1.7E-5          10  aab+21a    UL[slr+14]       0.714   0.228  0.188  9.150  gbncc,FermiAssoc,lotaas                                                  1.32e+10 1.01e+08  5.8e+33
32    0.002507285577719312     7  kjc+25     1.8124E-21       7  kjc+25     9.618521110         3  kjc+25     3.50E-5          3  kjc+25     UNKN                0.367   -0.141 -0.337 8.533  FermiAssoc                                                               2.19e+10 6.82e+07  4.5e+33
33    0.0047581298242818     16  saa+23     2.076E-20        7  saa+23     5.844254097        11  saa+23     1.34E-5         11  saa+23     UNKN                0.911   0.308  0.160  9.342  FermiAssoc,fast_gpps                                                     3.63e+09 3.18e+08  7.6e+33
34    0.0344289781774586     12  mgf+19     3.8040E-19       4  mgf+19     4.3666810          10  mgf+19     0.00022539       7  mgf+19     CO[mgf+19]       1.203   0.130  -0.607 9.530  ar327,gbncc,fast_gpps                                                    1.43e+09 3.66e+09  3.7e+32
35    0.002885736411412693     5  cfr+20     1.219051E-20    17  cfr+20     4.76694461910      10  cfr+20     6.01E-6          4  cfr+20     He[bkk+19]       1.150   0.568  0.504  9.364  gbncc,FermiBlind                                                         3.75e+09 1.9e+08   2.0e+34

36    0.003478770839279365    13  abb+23     7.78699E-21      8  abb+23     0.263144270793      3  abb+23     2.92E-6         10  abb+23     He[nsk08]        1.100   0.396  -0.397 9.447  misc,FermiBlind,ar327                                                    7.08e+09 1.67e+08  7.3e+33
37    0.4342422517307         2  mbc+20     3.90E-18        10  mbc+20     0.0                   0  0          0.0                0  0          NULL                0.353   0.195  0.033  8.793  lotaas,gbncc,fast_gpps                                                   1.76e+09 4.16e+10  1.9e+30
38    0.009679813766248       4  cae+25     1.807E-20        7  cae+25     38.22367666        11  cae+25     1.42E-5          8  cae+25     He[lkf+21]       0.355   -0.009 -0.354 8.477  pksmb                                                                    8.49e+09 4.23e+08  7.9e+32
39    0.005982512892605       6  mzl+23     1.614E-20       15  mzl+23     2.452162593         3  mzl+23     6.4E-6          25  mzl+23     He[mzl+23]       1.976   1.318  0.657  9.818  fast_crafts                                                              5.87e+09 3.14e+08  3.0e+33
40    0.004638029391429419    20  aab+21a    3.6285E-21      13  aab+21a    0.0                   0  0          0.0                0  0          NULL                3.722   1.458  -3.238 9.615  gbt350,FermiBlind,gbncc                                                  2.03e+10 1.31e+08  1.4e+33

41    0.0019993604927577      3  saa+23     1.4260E-20       3  saa+23     24.5783934          6  saa+23     0.1175048       10  saa+23     UNKN                2.173   -0.217 -2.101 7.988  FermiAssoc                                                               2.22e+09 1.71e+08  7.0e+34
42    0.00310114124707936     3  gfw+24     6.5456E-21       8  gfw+24     37.972463182        3  gfw+24     0.000345725     11  gfw+24     He[ckr+15]       0.372   0.072  -0.364 8.473  FermiAssoc                                                               7.51e+09 1.44e+08  8.7e+33
43    0.005162204641299514    19  rsc+21     1.855075E-20    19  rsc+21     0.0                   0  0          0.0                0  0          MS[bjs+16]       1.220   0.793  -0.881 8.791  pks70,FermiBlind,pkshl                                                   4.41e+09 3.13e+08  5.3e+33
44    0.0028720063916972      7  cpw+18     4.6463E-20       9  cpw+18     0.0                   0  0          0.0                0  0          NULL                1.461   -0.199 -1.357 7.996  FermiBlind                                                               9.79e+08 3.7e+08   7.7e+34
45    0.02885155795131        8  bjd+06     6.7E-20          7  bjd+06     0.0                   0  0          0.0                0  0          NULL                5.558   4.161  -3.396 9.931  pkshl,gbncc,fast_gpps                                                    6.82e+09 1.41e+09  1.1e+32

46    0.0046651629372704      5  drc+21     3.008E-20        5  drc+21     0.25051916          3  drc+21     0.0                0  0          MS[drc+16]       2.002   1.770  -0.512 9.283  FermiAssoc                                                               2.46e+09 3.79e+08  1.2e+34
47    0.00339270965933        4  kjr+11     3.7E-21         10  kjr+11     0.0                   0  0          0.0                0  0          NULL                1.683   0.162  -1.598 7.998  FermiAssoc                                                               1.46e+10 1.13e+08  3.7e+33
48    0.252773323418          6  lfl+06     9.0E-18         10  lfl+06     0.0                   0  0          0.0                0  0          NULL                0.115   0.002  -0.108 8.461  pksmb,htru_pks                                                           4.45e+08 4.83e+10  2.2e+31
49    0.0055570167596636     19  srbl24     9.4E-22          3  srbl24     5.659945229         3  srbl24     2.9E-5           4  brf+22     He[brf+22]    0.954   0.373  -0.855 8.300  FermiAssoc                                                               9.41e+10 7.3e+07   2.2e+32
50    0.0024095726733231      9  saa+23     6.012E-21        9  saa+23     0.2269879477       11  saa+23     5.8E-5          46  saa+23     UNKN                0.987   0.382  -0.883 8.278  FermiAssoc,gbt350                                                        6.35e+09 1.22e+08  1.7e+34

51    0.185559973402         11  kbm+03     9.0E-18         50  kbm+03     0.0                   0  0          0.0                0  0          NULL                2.639   0.195  -2.454 7.548  pksmb,htru_pks                                                           3.27e+08 4.14e+10  5.6e+31
52    0.00310221391893416    16  nbb+14     6.08990E-20     20  nbb+14     76.40321683         5  nbb+14     0.00025724       3  nbb+14     He[bbb+11]       1.744   0.079  -1.617 7.850  htru_pks,FermiBlind                                                      8.07e+08 4.4e+08   8.1e+34
53    0.002630380781478504    14  rsc+21     3.73132E-21     13  rsc+21     8.7526036468        4  rsc+21     6.15E-7         12  rsc+21     He[lfl+06]       0.988   0.015  -0.913 8.122  pksmb,FermiAssoc,htru_pks                                                1.12e+10 1.0e+08     8.1e+33
54    0.162323475501          3  kbm+03     1.589E-17       19  kbm+03     0.0                   0  0          0.0                0  0          NULL                2.408   0.117  -2.223 7.581  pksmb,htru_pks                                                           1.62e+08 5.14e+10  1.5e+32
55    0.0025126423832770      7  san16      3.24E-21         5  san16      7.12991220          3  san16      4.43E-5          5  san16      He[san16]        3.833   2.503  2.256  10.327 FermiAssoc                                                               1.23e+10 9.13e+07  8.1e+33

56    0.0050752983064042      5  san16      1.4990E-20      10  san16      1.5834973400       10  san16      0.0                0  0          He[san16]        2.145   1.846  -1.091 8.547  FermiAssoc,fast_gpps                                                     5.36e+09 2.79e+08  4.5e+33
57    0.003722312502674       2  lkf+21     7.93E-21         6  lkf+21     62.7711887          6  lkf+21     0.0073989        7  lkf+21     He[lkf+21]       1.793   -0.129 -1.601 7.703  pksmb                                                                    7.44e+09 1.74e+08  6.1e+33
58    0.00484275732280295    19  brj+21     6.065E-21        5  brj+21     0.0                   0  0          0.0                0  0          NULL                1.267   0.251  -1.118 7.958  FermiAssoc                                                               1.27e+10 1.73e+08  2.1e+33
59    0.00353937571409245     9  cae+25     1.598E-21        6  cae+25     4.03672725263      11  cae+25     5.61E-6          4  cae+25     He[fsk+04]       1.098   -0.030 -0.959 7.966  pksmb,htru_pks                                                           3.51e+10 7.61e+07  1.4e+33
60    0.0019345396955267      5  saa+23     5.268E-21        6  saa+23     0.3863495385        4  msk+24     0.000251        20  msk+24     UL[spp+23]       1.251   1.031  -0.667 8.262  gbncc,FermiAssoc                                                         5.82e+09 1.02e+08  2.9e+34

61    0.034527834688743      12  cvc+24     1.8641E-19      17  cvc+24     6.721013337         4  btb+15     0.00114918       5  cvc+24     CO[btb+15]       9.469   0.098  -8.193 3.754  pksmb,htru_pks                                                           2.93e+09 2.57e+09  1.8e+32
62    0.00368387876995989     5  saa+23     2.26243E-20      6  saa+23     1.86014391365      10  saa+23     1.7E-6           3  saa+23     He[rrc+11]       0.420   0.314  -0.252 8.380  FermiAssoc,gbncc                                                         2.58e+09 2.92e+08  1.8e+34
63    0.0882819082341         4  clm+01     8.1E-19          3  clm+01     1.86327241          8  clm+01     0.00011          9  clm+01     He[eb01b]        5.423   -0.210 -4.649 5.716  pksmb,htru_pks                                                           1.73e+09 8.56e+09  4.7e+31
64    0.0018437256263722      7  saa+23     1.0555E-20       7  saa+23     0.2723523221       10  saa+23     0.0                0  0          UL[rap+12]       1.233   1.168  -0.299 8.241  FermiAssoc,fast_gpps                                                     2.77e+09 1.41e+08  6.6e+34
65    0.0037708530914204     18  saa+23     6.54E-21         3  saa+23     0.784441606         3  saa+23     3.2e-5           0  bbc+24     UNKN                1.431   0.712  -1.009 7.778  FermiAssoc,gbt350                                                        9.13e+09 1.59e+08  4.8e+33

66    0.0025603710316720      3  pgf+12     2.0964E-20      14  pgf+12     0.0651157335        7  pgf+12     0.0                0  0          UL[rfs+12]       2.430   1.147  -1.695 7.191  FermiBlind                                                               1.94e+09 2.34e+08  4.9e+34
67    0.0042280189916604      2  san16      1.7527E-20       3  san16      38.50383280         2  san16      0.00023821       0  san16      He[san16]        1.465   1.308  -0.468 8.035  FermiAssoc,fast_gpps                                                     3.82e+09 2.75e+08  9.2e+33
68    0.012535079305262       7  lpz+23     5.26E-20         4  lpz+23     0.0                   0  0          0.0                0  0          NULL                18.050  17.763 -1.457 5.643  fast_crafts                                                              3.77e+09 8.22e+08  1.1e+33
69    0.006069737409940       8  lpz+23     2.26E-20         3  lpz+23     5.75023947          8  lpz+23     1.4E-5           4  lpz+23     UNKN                18.050  17.763 -1.458 5.642  fast_crafts                                                              4.25e+09 3.75e+08  4.0e+33
70    0.10771823703852        4  kjk+24     2.1507E-17       7  kjk+24     0.0                   0  0          0.0                0  0          NULL                2.490   0.163  -1.944 6.953  pks70,htru_pks,misc,pksmb                                                7.94e+07 4.87e+10  6.8e+32

71    0.276603043150         10  kbm+03     3.1E-18          6  kbm+03     0.0                   0  0          0.0                0  0          NULL                7.542   -0.020 -5.749 3.619  pksmb,htru_pks                                                           1.41e+09 2.96e+10  5.8e+30
72    0.00308423326039194     8  skm+17     7.2333E-21      15  skm+17     9.5474676743       19  skm+17     5.6E-7          14  skm+17     He[skm+17]       0.278   0.197  -0.107 8.336  gbt350,FermiBlind,gbncc                                                  6.76e+09 1.51e+08  9.7e+33
73    0.005892408636028       5  saa+23     1.346E-20        3  saa+23     52.49255517        15  saa+23     5.12E-5          3  saa+23     UNKN                0.696   0.646  -0.016 8.242  FermiAssoc                                                               6.94e+09 2.85e+08  2.6e+33
74    0.062452895517590       2  msf+17     9.6E-20          6  msf+17     2.61585677939       8  msf+17     0.1699308        4  msf+17     NS[msf+17]       1.131   1.076  0.191  8.210  ar327,gbncc,lotaas,fast_gpps                                             1.03e+10 2.48e+09  1.6e+31
75    0.03411713084786       12  hfs+04     6.8E-20         17  hfs+04     40.294523           4  hfs+04     0.003500         3  hfs+04     CO[hfs+04]    1.328   0.101  -0.936 7.564  pksmb                                                                    8.01e+09 1.54e+09  6.7e+31

76    0.0020119534425332      9  btb+15     1.411E-20        3  btb+15     0.4497391377        7  btb+15     2.3E-5           8  btb+15     MS[ssc+19]       1.562   0.332  -0.980 7.329  htru_pks,FermiAssoc                                                      2.26e+09 1.7e+08   6.8e+34
77    0.009347972210248       7  clm+01     2.45E-20         5  clm+01     1.3548852170       18  clm+01     1.05E-5         15  clm+01     CO[clm+01]       2.817   -0.031 -1.985 6.502  pksmb,htru_pks                                                           6.05e+09 4.84e+08  1.2e+33
78    0.028634888190455      12  lfl+06     1.418E-19       10  lfl+06     2.117942520         3  lfl+06     4.99E-5         15  lfl+06     CO[pld+13]       0.655   0.053  -0.436 8.014  pks70,FermiAssoc                                                         3.2e+09  2.04e+09  2.4e+32
79    0.002194695780881595    15  rsc+21     9.8075E-21       3  rsc+21     0.27766607699      15  rsc+21     9.9E-6          50  rsc+21     UL[kjb+12]       1.429   0.283  -0.852 7.389  htru_pks,FermiBlind                                                      3.55e+09 1.48e+08  3.7e+34
80    0.00579230273884754    11  aab+21a    1.1656E-20       5  aab+21a    0.0                   0  0          0.0                0  0          NULL                1.269   1.108  0.246  7.932  ar4,fast_gpps                                                            7.87e+09 2.63e+08  2.4e+33

81    0.04524877299803       11  clm+01     8.17E-19         9  clm+01     12.4230655          2  clm+01     0.001898         4  clm+01     CO[clm+01]       2.988   0.020  -1.989 6.270  pksmb,htru_pks                                                           8.78e+08 6.15e+09  3.5e+32
82    0.00798720480668373     3  aab+21a    2.43045E-20      4  aab+21a    76.174567479        8  aab+21a    0.000169646      4  abb+23     He[lnl+95]       0.769   0.295  -0.347 7.880  pksmb,FermiAssoc                                                         5.21e+09 4.46e+08  1.9e+33
83    0.00211906756511770    10  san16      2.161E-20        2  san16      0.1786354505        8  san16      0.0                0  0          UL[san16]        1.950   0.884  -0.628 6.879  FermiAssoc                                                               1.55e+09 2.17e+08  9.0e+34
84    0.0035893366796749      7  ckr+15     1.8646E-20      11  ckr+15     1.922653523         5  ckr+15     1.0904290E-5     3  ckr+15     He[kcj+12]       0.908   0.108  -0.514 7.759  FermiAssoc                                                               3.05e+09 2.62e+08  1.6e+34
85    0.00555359254401101     7  zfr+23     4.12986E-20     10  zfr+23     0.0                   0  0          0.0                0  0          NULL                7.480   5.453  0.346  3.391  misc,fast_gpps                                                           2.13e+09 4.85e+08  9.5e+33

86    0.0026541917974828     15  zfr+23     2.212E-20       15  zfr+23     1.609518449         2  zfr+23     0.40            17  zfr+23     UNKN                7.480   5.453  0.345  3.391  fast_crafts                                                              1.9e+09  2.45e+08  4.7e+34
87    0.0024891435871939     13  bnc+24     3.546E-21        7  bnc+24     0.2028108285        3  bnc+24     0.0                0  0          He[cbb+23]       1.321   0.530  -0.409 7.361  meerkat_trapum,FermiBlind                                                1.11e+10 9.51e+07  9.1e+33
88    0.0030799140584053      6  brj+21     2.11895E-20     10  brj+21     62.05149821         2  brj+21     0.0                0  0          He[brj+21]       0.978   0.082  -0.514 7.672  FermiAssoc                                                               2.3e+09  2.59e+08  2.9e+34
89    0.00205696039750053     4  cae+25     1.6165E-21       3  cae+25     8.0607731359        5  cae+25     2.133E-5         3  cae+25     He[kjb+12]       1.149   0.050  -0.610 7.527  htru_pks,FermiBlind                                                      2.02e+10 5.84e+07  7.3e+33
90    0.00215928839042476    10  kbkr23     2.7966E-21       5  kbkr23     0.12077298998       8  kbkr23     9.5E-5          20  kbkr23     UL[brr+13]       2.981   2.289  1.876  8.141  FermiAssoc,gbncc,fast_gpps                                               1.22e+10 7.86e+07  1.1e+34

91    0.007796728856036       2  lkf+21     1.61E-20         3  lkf+21     0.0                   0  0          0.0                0  0          NULL                4.026   -0.264 -2.385 5.268  pksmb                                                                    7.67e+09 3.59e+08  1.3e+33
92    0.14565472182060        4  kjk+24     1.15E-19         4  kjk+24     0.0                   0  0          0.0                0  0          NULL                3.433   0.284  -1.677 5.518  pksmb,htru_pks,misc                                                      2.01e+10 4.14e+09  1.5e+30
93    0.007093755708860      10  bbc+24     2.05E-20         6  bbc+24     5.20657070          3  bbc+24     1.1e-5           0  bbc+24     UNKN                1.322   0.754  0.028  7.414  FermiAssoc,gbt350                                                        5.48e+09 3.86e+08  2.3e+33
94    0.0024278884863579      6  pbh+17     2.798E-21       11  pbh+17     0.0                   0  0          0.0                0  0          NULL                2.636   1.934  1.785  8.362  misc,FermiBlind                                                          1.38e+10 8.34e+07  7.7e+33
95    0.0062843113814174     12  lem+15     1.900E-20        4  lem+15     0.0                   0  0          0.0                0  0          NULL                3.055   0.180  -1.509 5.850  pksmb                                                                    5.24e+09 3.5e+08   3.0e+33

96    0.00178750176696939    16  rnc+22     4.4531E-20       7  rnc+22     0.23350026850      10  rnc+22     4.5E-6          13  rnc+22     UL[rnc+22]       7.559   2.399  -1.918 1.593  FermiAssoc                                                               6.36e+08 2.85e+08  3.1e+35
97    0.003597928510587011    10  rsc+21     9.50014E-21      4  rsc+21     14.3484635          2  abb+23     0.000173728      2  abb+23     He[jbo+07]       1.389   0.393  -0.365 7.219  pkssw,FermiBlind,gbncc                                                   6.0e+09    1.87e+08  8.1e+33
98    0.3545503166464        18  lfl+06     2.0E-18          4  lfl+06     0.0                   0  0          0.0                0  0          NULL                2.479   -0.234 -1.363 6.443  pksmb,htru_pks                                                           2.79e+09 2.7e+10   1.8e+30
99    0.003150807655690673     3  aab+21a    9.62423E-21      6  aab+21a    8.68661942256       6  aab+21a    1.338E-6         7  aab+21a    CO[dpr+10]       0.700   0.242  -0.084 7.848  misc,FermiBlind,gbncc                                                    5.19e+09 1.76e+08  1.2e+34
100   0.0059313674952810     16  ccb+20     3.10E-21        10  ccb+20     1.780433535         2  ccb+20     0.0                0  0          CO[ccb+20]       3.045   0.148  -1.246 5.726  htru_pks,FermiAssoc                                                      3.03e+10 1.37e+08  5.9e+32

101   0.003845429067936       5  saa+23     1.143E-20       12  saa+23     0.1617006780        7  saa+23     0.0                0  0          MS[ssc+19]       1.142   0.583  0.183  7.535  FermiAssoc                                                               5.33e+09 2.12e+08  7.9e+33
102   0.0024098729945847      8  bnc+24     9.059E-21        5  bnc+24     11.01366617         2  bnc+24     5.08E-5         11  bnc+24     He[cbb+23]       1.291   -0.312 -0.812 7.546  meerkat_trapum,FermiAssoc                                                4.22e+09 1.5e+08   2.6e+34
103   0.0028336138772234      3  drc+21     2.1325E-20       5  drc+21     7.382970560        10  drc+21     2.7E-6           9  drc+21     He[drc+21]       0.951   0.502  0.194  7.716  FermiAssoc                                                               2.11e+09 2.49e+08  3.7e+34
104   0.0032115683314684     20  saa+23     1.195E-20        5  saa+23     0.21                0  rap+12     0.0                0  0          MS[lht14]        1.227   0.244  -0.262 7.326  FermiAssoc                                                               4.26e+09 1.98e+08  1.4e+34
105   0.00331811218167957     5  saa+23     1.06898E-20     13  saa+23     12.525025955        3  saa+23     5.103E-5        12  saa+23     He[san16]        1.182   0.809  0.748  8.072  FermiAssoc,ar327,gbncc,fast_gpps                                         4.92e+09 1.91e+08  1.2e+34

106   0.0031633158188015911    20  abb+18     2.81727E-21      6  abb+18     175.460661897       7  abb+18     0.000797277      3  abb+23     He[vdk+18]    1.370   0.848  0.706  7.689  ar4,FermiBlind,ar327                                                     1.78e+10 9.55e+07  3.5e+33
107   0.0037220816029988      9  wps+20     1.23E-21         7  wps+20     0.0                   0  0          0.0                0  0          NULL                7.420   4.859  4.806  5.612  misc,fast_gpps                                                           4.78e+10 6.86e+07  9.4e+32
108   0.006375177193215       5  lwq+25     2.2658E-18       5  lwq+25     18.233778           3  lwq+25     0.064356         3  lwq+25     He[lwq+25]       4.965   3.251  3.217  6.568  fast_gcps                                                                4.46e+07 3.85e+09  3.5e+35
109   0.002021179387124154    17  kzk+24     9.7881E-21       9  kzk+24     0.09087396340      10  lsk+18     2.1E-5           4  kzk+24     UL[lsk+18]       4.600   2.421  3.577  10.081 gbncc,FermiBlind                                                         3.27e+09 1.42e+08  4.7e+34
110   0.00585310786297794    18  srbl24     8.3071E-21      11  srbl24     0.0                   0  0          0.0                0  0          NULL                0.965   0.252  -0.028 7.569  FermiAssoc,gbncc                                                         1.12e+10 2.23e+08  1.6e+33

111   0.0019676820247057      2  nck+20     2.402E-21        3  nck+20     0.0519447575        4  nck+20     0.0                0  0          He[nck+20]    0.840   0.354  0.218  7.770  FermiAssoc                                                               1.3e+10  6.96e+07  1.2e+34
112   0.033027982326829      15  tbc+20     1.157E-19       19  tbc+20     3.0163073825       13  tbc+20     3.05E-5          3  tbc+20     CO[tbc+20]       0.223   0.136  0.152  8.411  lotaas,ar327,fast_gpps                                                   4.52e+09 1.98e+09  1.3e+32
113   0.0024392959097964      3  ckr+15     1.1154E-20       4  ckr+15     0.0                   0  0          0.0                0  0          NULL                0.769   -0.089 -0.325 7.808  FermiAssoc                                                               3.46e+09 1.67e+08  3.0e+34
114   0.560503533065         16  hfs+04     5.0E-18         13  hfs+04     0.0                   0  0          0.0                0  0          NULL                11.632  0.371  -2.781 -2.789 pksmb,htru_pks                                                           1.77e+09 5.37e+10  1.1e+30
115   0.227564958458          7  hfs+04     1.14E-17         6  hfs+04     0.0                   0  0          0.0                0  0          NULL                4.715   -0.027 -1.293 3.966  pksmb,htru_pks                                                           3.16e+08 5.15e+10  3.8e+31

116   0.0046311962778409      2  lwf+04     3.63E-21         4  lwf+04     22.71189238         2  lwf+04     1.87E-5          2  lwf+04     He[lwf+04]       2.180   1.162  1.293  7.185  ar4,ar327,fast_gpps                                                      2.02e+10 1.31e+08  1.4e+33
117   0.00322022839856445     5  lsk+18     1.8211E-20       3  lsk+18     0.0                   0  0          0.0                0  0          NULL                0.506   0.301  0.395  8.401  gbncc,fast_gpps                                                          2.8e+09  2.45e+08  2.2e+34
118   0.1026182883472         6  lfl+06     2.666E-17        5  lfl+06     922.4708            8  lfl+06     0.002376         7  lfl+06     He[lfl+06]       3.986   -0.156 -1.088 4.669  pksmb,htru_pks                                                           6.1e+07  5.29e+10  9.7e+32
119   0.004570136598154467     5  abb+23     8.52963E-21      5  abb+23     67.8251309746       7  abb+23     7.49405E-5       2  abb+23     He[sns+05]       1.136   0.484  0.494  7.599  ar4,FermiBlind,pkssw                                                     8.49e+09 2.0e+08     3.5e+33
120   0.0031597205227830      5  pqm+21     6.1185E-20       7  pqm+21     0.20086787243      18  pqm+21     0.0                0  0          MS[prl+20]       8.500   4.859  6.482  5.925  fast_crafts,fast_gcps                                                    8.18e+08 4.45e+08  7.7e+34

121   0.00326765171027112     5  mbz+23     8.172E-21        3  mbz+23     0.13169857686       2  mbz+23     4.4e-5           0  mbz+23     UNKN                0.191   0.057  0.054  8.326  fast_crafts                                                              6.34e+09 1.65e+08  9.2e+33
122   0.001855732795729      11  cls+13     7.5E-21          5  cls+13     0.615436473         8  cls+13     0.0                0  0          MS[cls+13]       0.926   0.069  -0.038 7.577  pksmb                                                                    3.9e+09  1.2e+08   4.7e+34
123   0.004791822704          3  mlb+12     5.0E-20         30  mlb+12     0.0                   0  0          0.0                0  0          NULL                3.142   -0.102 -0.579 5.414  pksmb                                                                    1.52e+09 4.95e+08  1.8e+34
124   0.0270831832440066     12  lem+15     2.4632E-19       3  lem+15     40.30771094         3  lem+15     0.04562943      16  lem+15     CO[lem+15]       1.881   0.096  -0.094 6.624  pksmb,htru_pks                                                           1.74e+09 2.61e+09  4.9e+32
125   0.008122798048058056    20  rsc+21     2.018403E-20    20  rsc+21     0.0                   0  0          0.0                0  0         NULL                0.620   0.065  0.034  7.884  pks70,FermiBlind,htru_pks,pksmb,pkssw                                    6.38e+09 4.1e+08   1.5e+33

126   0.0053125502904328      3  rsc+21     1.4191E-20       6  rsc+21     5.2629972176        5  rsc+21     8.43E-6         15  rsc+21     He[eb01b]        1.874   -0.308 -0.631 6.763  pkssw,FermiBlind,htru_pks                                                5.93e+09 2.78e+08  3.7e+33
127   0.00197997624609088    16  pqm+21     9.5561E-20      12  pqm+21     0.2278292041        9  pqm+21     0.0                0  0          UL[pqm+21]       9.100   2.326  3.200  0.305  fast_crafts                                                              3.28e+08 4.4e+08   4.9e+35
128   0.0058500958597756860    11  fwe+12     2.411992E-20    14  fwe+12     0.3547907398724    13  fwe+12     3.4E-7          11  fwe+12     He[avk+12]       1.695   0.516  0.751  7.071  pkssw,ar327,fast_gpps                                                    3.84e+09 3.8e+08   4.8e+33
129   0.003747154500259940     8  abb+18     3.021648E-20    15  abb+18     16.3353478283       5  abb+18     9.984E-6        16  abb+18     He[zkk+19]       1.667   0.615  0.951  7.277  pkssw,FermiBlind,ar327,fast_gpps                                         1.96e+09 3.41e+08  2.3e+34
130   0.004074545942316071     4  rsc+21     8.93441E-21      4  rsc+21     0.0                   0  0          0.0                0  0          NULL                0.395   0.063  0.100  8.123  pks70,FermiBlind,htru_pks,pkssw                                          7.23e+09 1.93e+08  5.2e+33

131   0.172444360995          2  fsk+04     1.55E-18        12  fsk+04     0.191406350        10  brr+07     0.0                0  0          UL[brr+07]       4.541   -0.408 -0.715 4.034  pksmb                                                                    1.76e+09 1.65e+10  1.2e+31
132   0.0026521296710897      4  bgc+13     2.729E-21       15  bgc+13     0.7302414440       10  bgc+13     0.0                0  0          UL[bgc+13]       1.214   0.400  0.655  7.560  FermiAssoc,fast_gpps                                                     1.54e+10 8.61e+07  5.8e+33
133   0.0016456096148060      9  aab+21a    1.3142E-20       9  aab+21a    0.0                   0  0          0.0                0  0          NULL                7.158   -0.799 -1.210 1.490  FermiAssoc                                                               1.98e+09 1.49e+08  1.2e+35
134   0.0039148732594333      4  abb+23     1.12248E-20     13  abb+23     110.746460850      10  abb+23     0.000127920     10  abb+23     He[sfl+05]       1.088   -0.021 0.012  7.412  pksmb,htru_pks                                                           5.53e+09 2.12e+08  7.4e+33
135   0.0629548889725        12  lfl+06     2.02E-18        12  lfl+06     0.0                   0  0          0.0                0  0          NULL                2.915   0.174  0.468  5.628  pksmb,htru_pks                                                           4.93e+08 1.14e+10  3.2e+32

136   0.0951378086771         7  kkl+09     9.7E-19         12  kkl+09     13.6375668          7  kkl+09     0.303582        10  kkl+09     NS[kkl+09]    3.232   0.094  0.354  5.289  pksmb,htru_pks                                                           1.55e+09 9.72e+09  4.4e+31
137   0.0284615890259983      5  fsk+14     1.017502E-18     3  fsk+14     0.31963390143       3  fsk+14     0.1805694        2  fsk+14     NS[fsk+14]       0.730   0.012  0.083  7.775  pksmb,htru_pks                                                           4.43e+08 5.45e+09  1.7e+33
138   0.0029124980699772      9  bnc+24     2.994E-21        6  bnc+24     6.280139735         6  bnc+24     1.7E-6           6  bnc+24     CO[cbb+23]       3.512   -1.037 -1.524 5.511  meerkat_trapum,FermiAssoc                                                1.54e+10 9.45e+07  4.8e+33
139   0.05159136667513        8  yzq+24     1.067E-19       19  yzq+24     0.0                   0  0          0.0                0  0          NULL                9.200   1.084  3.008  -0.126 fast_crafts                                                              7.66e+09 2.37e+09  3.1e+31
140   0.005642723444307       3  yzq+24     3.432E-20        7  yzq+24     0.0                   0  0          0.0                0  0          NULL                9.200   1.082  3.008  -0.127 fast_crafts                                                              2.6e+09  4.45e+08  7.5e+33

141   0.00362509671716749    14  abb+23     5.3040E-21      10  abb+23     0.0                   0  0          0.0                0  0          NULL                1.105   0.080  0.277  7.433  pksmb,FermiAssoc                                                         1.08e+10 1.4e+08   4.4e+33
142   0.0126475935865227      4  fsk+10     7.256E-20        3  fsk+10     0.698889243381      5  fsk+10     2.47E-6          5  fsk+10     CO[fsk+10]       0.800   0.009  0.117  7.709  pksmb,htru_pks                                                           2.76e+09 9.69e+08  1.4e+33
143   0.00366937114932233     9  kjc+25     3.4374E-20      14  kjc+25     90.44184836         9  kjc+25     8.96E-5          2  kjc+25     UNKN                1.186   -0.248 -0.288 7.377  FermiAssoc                                                               1.69e+09 3.59e+08  2.7e+34
144   0.0021346188308539      4  saa+23     1.8424E-20       3  saa+23     0.38047324          8  cbb+23     0.0                0  0          MS[cbb+23]       1.443   -0.502 -0.740 7.367  meerkat_trapum,FermiBlind                                                1.84e+09 2.01e+08  7.5e+34
145   0.0093430308445392      4  abb+23     4.08632E-20     18  abb+23     11.1287119652       3  abb+23     3.406E-5        16  dcl+16     He[llb+96]       0.909   -0.043 0.056  7.594  pks70,gbncc,pksmb                                                        3.62e+09 6.25e+08  2.0e+33

146   0.0021289064590218      5  drc+21     2.2758E-20       9  drc+21     0.336872031         5  drc+21     0.00015          5  drc+21     UL[drc+21]       3.885   0.874  2.081  5.338  FermiAssoc                                                               1.48e+09 2.23e+08  9.3e+34
147   0.01508366732422        2  kmk+18     3.75E-20         5  kmk+18     43.86695922         5  msk+24     8.68E-5          2  msk+24     He[kmk+18]       1.330   0.491  1.008  7.785  gbncc,ar327,lotaas,fast_gpps                                             6.37e+09 7.61e+08  4.3e+32
148   0.24103454795           9  lfl+06     1.2E-17         12  lfl+06     0.0                   0  0          0.0                0  0          NULL                14.163  0.294  3.089  -5.319 pksmb,htru_pks                                                           3.29e+08 5.36e+10  3.3e+31
149   0.00166275499098370    10  bbc+24     4.4760E-21      10  bbc+24     0.1481702850       10  bbc+24     4.7e-5           0  bbc+24     UL[hrm+11]       2.357   0.681  1.585  6.895  FermiAssoc,gbt350                                                        5.89e+09 8.73e+07  3.8e+34
150   0.032822244860022       8  jsb+10     1.4742E-19      12  jsb+10     15.01201911         4  jsb+10     1.9E-5           3  jsb+10     He[jsb+10]    3.513   -0.034 0.643  5.046  pksmb,htru_pks                                                           3.53e+09 2.23e+09  1.6e+32

151   0.00414568354804        3  mzl+23     4.8E-21          4  mzl+23     9.38782916          5  mzl+23     2.64E-5         12  mzl+23     He[mzl+23]       5.801   0.599  2.218  3.173  fast_crafts                                                              1.36e+10 1.43e+08  2.7e+33
152   0.1041819547968         4  cks+07     9.01E-19         5  cks+07     18.7791691          4  cks+07     0.828011         9  cks+07     NS[mig00]        4.419   0.034  0.981  4.191  pksmb,htru_pks                                                           1.83e+09 9.8e+09   3.1e+31
153   0.00266059327687744     2  ngf+20     1.37756E-20      3  ngf+20     6.27230196915      11  ngf+20     1.11E-6          9  ngf+20     He[bbb+11]       1.389   -0.062 0.171  7.123  htru_pks,FermiBlind                                                      3.06e+09 1.94e+08  2.9e+34
154   0.0041065595383672      4  mzl+23     6.943E-21       12  mzl+23     10.560352898        4  mzl+23     4.16E-6         15  mzl+23     He[mzl+23]       2.229   0.254  0.935  6.492  fast_crafts                                                              9.37e+09 1.71e+08  4.0e+33
155   0.0044300116286341     18  lem+15     1.2466E-20       6  lem+15     8.159760702        10  lem+15     2.7E-6          10  lem+15     He[lem+15]       3.158   -0.226 0.292  5.364  pksmb                                                                    5.63e+09 2.38e+08  5.7e+33

156   0.0031931035571918      4  flm+23     4.3074E-20       6  flm+23     0.360893481832      4  msk+24     4.2E-6           5  msk+24     MS[ssc+19]       4.335   1.814  3.762  7.338  gbncc,fast_gpps                                                          1.17e+09 3.75e+08  5.2e+34
157   0.226538990075          4  mhl+02     7.9E-18          9  mhl+02     0.0                   0  0          0.0                0  0          NULL                4.123   -0.006 1.128  4.534  pksmb,htru_pks                                                           4.57e+08 4.27e+10  2.7e+31
158   0.03378133193189       13  rsm+13     2.900E-20       19  rsm+13     0.0                   0  0          0.0                0  0          NULL                1.722   0.225  0.886  7.040  gbt350,ar327,gbncc,fast_gpps                                             1.85e+10 1.0e+09     3.0e+31
159   0.005440004163273       4  lfrj12     3.375E-18        2  lfrj12     0.0                   0  0          0.0                0  0          NULL                8.020   -1.104 0.386  0.566  misc,FermiBlind,htru_pks,pks70                                           2.55e+07 4.34e+09  8.3e+35
160   0.004065916139472       4  drc+21     5.373E-21       10  drc+21     82.548980           2  drc+21     0.0001376        2  drc+21     He[drc+21]       2.904   0.537  1.799  6.284  FermiAssoc                                                               1.2e+10  1.5e+08   3.2e+33

161   0.0032330162292688      3  mzl+23     9.145E-21       10  mzl+23     100.91365361        6  mzl+23     0.000229311     20  mzl+23     He[mzl+23]       3.534   0.191  1.444  5.280  fast_crafts                                                              5.6e+09  1.74e+08  1.1e+34
162   0.00305431575773716     7  rsc+21     1.618856E-18     3  rsc+21     0.0                   0  0          0.0                0  0          NULL                5.370   -0.522 0.725  3.205  misc,FermiAssoc,pksmb                                                    2.99e+07 2.25e+09  2.2e+36
163   0.00362756255755819     6  srbl24     4.6882E-21      10  srbl24     77.92496858         2  srbl24     9.795E-5         8  srbl24     He[brf+22]    1.000   0.139  0.583  7.700  FermiAssoc,fast_gpps                                                     1.23e+10 1.32e+08  3.9e+33
164   0.04100982358117        4  clm+05     5.25E-20        15  clm+05     1.176027941        16  clm+05     0.1391412       19  clm+05     NS[clm+04]       0.909   0.245  0.702  7.977  ar4,ar327,fast_gpps                                                      1.24e+10 1.48e+09  3.0e+31
165   0.0018660672158607      3  saa+23     1.7770E-20       4  saa+23     0.900452049         8  kjc+25     10.0E-5         80  kjc+25     UNKN                4.653   -1.067 -0.315 3.982  misc,FermiAssoc                                                          1.66e+09 1.84e+08  1.1e+35

166   0.005116387644239      12  eklk13     7.0E-21         40  eklk13     6.6925427           4  eklk13     1.1E-5           3  eklk13     He[eklk13]       3.456   0.181  1.725  5.511  pksmb,fast_gpps                                                          1.16e+10 1.92e+08  2.1e+33
167   0.0050871261538575      8  why+25     2.6645E-20      16  why+25     8.41501155          3  why+25     4.2e-5           0  why+25     He[why+25]       4.080   0.220  2.147  5.038  fast_gpps                                                                3.02e+09 3.73e+08  8.0e+33
168   0.4444257246169        17  ncb+15     5.46E-18        15  ncb+15     0.0                   0  0          0.0                0  0          NULL                6.126   0.249  3.104  3.224  htru_pks,fast_gpps                                                       1.29e+09 4.98e+10  2.5e+30
169   0.0053389731698874     15  why+25     1.288E-20        6  why+25     0.3285676513       13  why+25     3.5e-5           0  why+25     He[why+25]       3.514   0.151  1.856  5.520  fast_gpps                                                                6.57e+09 2.65e+08  3.3e+33
170   0.03557787327451        3  sl20       9.54E-20         6  sl20       944.64019           8  sl20       0.0021463        9  sl20       He[kek+13]       4.989   -0.049 2.160  4.003  pksmb                                                                    5.91e+09 1.86e+09  8.4e+31

171   0.0297727753332         4  lfl+06     8.17E-18         5  lfl+06     10.471626           5  lfl+06     8.0E-5         100  lfl+06     He[lfl+06]       4.230   0.217  2.308  4.962  pksmb                                                                    5.77e+07 1.58e+10  1.2e+34
172   0.001845666323209590    18  abb+23     9.55720E-21     11  abb+23    0.0                   0  0          0.0                0  0          NULL                1.300   -0.077 0.487  7.297  pksmb,FermiBlind,htru_pks                                                3.06e+09 1.34e+08  6.0e+34
173   0.0054713308755095      6  lem+15     6.209E-21       18  lem+15     0.0                   0  0          0.0                0  0          NULL                3.473   -0.295 1.114  5.224  pksmb                                                                    1.4e+10  1.87e+08  1.5e+33
174   0.0035706717591045      8  why+25     1.807E-20        4  why+25     1.078895359         3  why+25     4.9e-5           0  why+25     He[why+25]       4.565   0.138  2.457  4.655  fast_gpps                                                                3.13e+09 2.57e+08  1.6e+34
175   0.004185543936664       3  csl+12     1.07E-20         3  csl+12     50.6458881         11  csl+12     0.0002578       12  csl+12     He[csl+12]       4.357   0.158  2.389  4.860  palfa,fast_gpps                                                          6.19e+09 2.14e+08  5.8e+33

176   0.02914442236961        9  why+25     3.1E-20          4  why+25     10.6003185         14  why+25     0.234949         5  why+25     NS[why+25]       5.791   0.091  2.966  3.527  fast_gpps                                                                1.51e+10 9.55e+08  4.9e+31
177   0.004309250408179       4  why+25     2.817E-20       17  why+25     5.32570888          3  why+25     1.7e-5           0  why+25     He[why+25]       1.669   0.068  0.933  7.118  fast_gpps                                                                2.42e+09 3.53e+08  1.4e+34
178   0.0018507022354996     11  why+25     2.819E-20       11  why+25     0.19009980          3  why+25     0.0037           0  why+25     UL[why+25]       2.799   0.139  1.610  6.215  fast_gpps                                                                1.04e+09 2.31e+08  1.8e+35
179   0.023369539290798      11  zwy+24     1.0106E-18       4  zwy+24     0.613021448         2  zwy+24     0.2085888        9  zwy+24     UNKN                5.165   -0.109 2.399  3.927  fast_crafts                                                              3.66e+08 4.92e+09  3.1e+33
180   0.0043146558486783      3  saa+23     1.0193E-20       3  saa+23     0.0                   0  0          0.0                0  0          NULL                1.266   -0.136 0.457  7.327  FermiAssoc                                                               6.71e+09 2.12e+08  5.0e+33

181   0.00409179738358213     6  aab+21a    8.7171E-21      11  aab+21a    115.653786450       7  aab+21a    2.3695E-5        3  aab+21a    He[gsf+11]       1.887   0.176  1.325  7.169  pksmb,fast_gpps                                                          7.44e+09 1.91e+08  5.0e+33
182   0.0035940916533710     10  san16      1.090E-20       10  san16      61.5399707          7  san16      0.0002974        5  san16      He[san16]        5.127   -0.675 1.768  3.735  FermiAssoc                                                               5.22e+09 2.0e+08     9.3e+33
183   0.0035309897695529      4  why+25     4.692E-21       10  why+25     6.734521817         6  why+25     6.6e-6           0  why+25     CO[why+25]       0.994   0.028  0.634  7.735  fast_gpps                                                                1.19e+10 1.3e+08   4.2e+33
184   0.005362100549682627    15  rsc+21     1.784132E-20    12  rsc+21     12.32717138285      5  abb+23     2.1704E-5        9  abb+23     He[ktr94]        1.200   0.064  0.806  7.614  ar2,ar3,pksmb,fast_gpps                                                  4.76e+09 3.13e+08  4.6e+33
185   0.0023840129012370      2  san16      3.80E-21        10  san16      46.0826044          2  san16      0.0001305        3  san16      He[san16]        0.921   -0.182 0.212  7.622  FermiAssoc                                                               9.94e+09 9.63e+07  1.1e+34

186   0.0023554963298215      5  bnc+24     4.117E-21        3  bnc+24     2.581951179         5  bnc+24     0.0                0  0          He[cbb+23]       1.208   -0.466 -0.343 7.440  meerkat_trapum,FermiAssoc                                                9.07e+09 9.96e+07  1.2e+34
187   0.07574385040530        6  shy+24     2.169E-19        6  shy+24     14.4547721          2  shy+24     0.3662392        5  shy+24     NS[why+25]       3.823   0.065  2.471  5.583  fast_gpps                                                                5.53e+09 4.1e+09   2.0e+31
188   0.0027933649560078      4  saa+23     3.5761E-20       7  saa+23     0.0                   0  0          0.0                0  0          NULL                2.361   -0.120 1.278  6.518  FermiAssoc                                                               1.24e+09 3.2e+08   6.5e+34
189   0.00174239994990564    16  ckr+15     9.1993E-21      13  ckr+15     2.0118037388        9  ckr+15     5.8637472E-6     8  ckr+15     He[kcj+12]       1.646   -0.627 -0.377 7.025  FermiAssoc,ghrss                                                         3.0e+09    1.28e+08  6.9e+34
190   0.00214991236434921     5  fbw+11     1.88208E-20     10  fbw+11     95.174118753       14  fbw+11     0.436678409      3  fbw+11     MS[fbw+11]       7.000   -0.124 4.245  2.935  palfa,fast_gpps                                                          1.81e+09 2.04e+08  7.5e+34

191   0.0046211691312030      3  why+25     4.677E-21       13  why+25     0.3126397707        3  why+25     5.6e-6           0  why+25     He[why+25]       5.317   0.111  3.560  4.552  fast_gpps                                                                1.57e+10 1.49e+08  1.9e+33
192   0.0035978980188911     11  ckr+15     1.043E-20        6  ckr+15     11.05079833         2  ckr+15     2.0296623E-6     5  ckr+15     He[kcj+12]       0.930   -0.415 -0.485 7.823  FermiAssoc                                                               5.46e+09 1.96e+08  8.8e+33
193   0.43808945697           2  psf+22     4.0E-18         30  psf+22     19.1627             0  why+25     0.0                0  0          CO[why+25]       1.525   -0.064 0.879  7.255  palfa,fast_gpps                                                          1.74e+09 4.24e+10  1.9e+30
194   0.0710948973807         3  clm+01     1.1E-19          3  clm+01     14.934263           2  clm+01     0.00022          2  clm+01     He[clm+01]       4.590   -0.079 2.836  4.892  pksmb,palfa,fast_gpps                                                    1.02e+10 2.83e+09  1.2e+31
195   0.0049073237020515      5  why+25     1.2754E-20      20  why+25     1.583625978         2  why+25     6.7e-6           0  why+25     He[why+25]       4.014   -0.011 2.561  5.409  fast_gpps                                                                6.1e+09  2.53e+08  4.3e+33

196   0.0061974296377438      4  shw+23     1.009E-20        3  shw+23     0.0                   0  0          0.0                0  0          NULL                5.925   0.111  3.992  4.123  fast_gpps                                                                9.73e+09 2.53e+08  1.7e+33
197   0.0037844047882356      3  gsf+11     4.9052E-21      15  gsf+11     0.0                   0  0          0.0                0  0          NULL                1.062   -0.024 0.655  7.664  pksmb,fast_gpps                                                          1.22e+10 1.38e+08  3.6e+33
198   0.02746441244636        4  why+25     3.34E-19         3  why+25     1.381714792         2  why+25     2.5e-5           0  why+25     CO[why+25]       4.370   0.007  2.842  5.180  fast_gpps                                                                1.3e+09  3.07e+09  6.4e+32
199   0.057189056787610      10  shw+23     1.160E-19       10  shw+23     0.0                   0  0          0.0                0  0          NULL                2.468   0.011  1.643  6.658  fast_gpps                                                                7.81e+09 2.61e+09  2.4e+31
200   0.0028763496312214     15  bnc+24     3.91E-21        10  bnc+24     6.4910850           3  bnc+24     0.0                0  0          UL[cbb+23]    6.780   -1.321 2.102  2.191  meerkat_trapum,FermiBlind                                                1.16e+10 1.07e+08  6.5e+33

201   0.0047023242768689     16  mzl+23     5.269E-20       12  mzl+23     84.1922026          4  mzl+23     0.00026534      20  mzl+23     He[mzl+23]       2.630   -0.141 1.550  6.380  fast_crafts,fast_gpps                                                    1.41e+09 5.04e+08  2.0e+34
202   0.0106901954145100     12  why+25     1.572E-20        6  why+25     3.964125977         2  why+25     6.9e-7           0  why+25     CO[why+25]       0.672   0.013  0.469  8.019  fast_gpps                                                                1.08e+10 4.15e+08  5.1e+32
203   0.00256439267063484     6  drc+21     1.3835E-20       4  drc+21     0.1463168433        4  drc+21     0.0                0  0          UL[cck+16]       2.601   0.262  2.085  6.968  FermiAssoc                                                               2.94e+09 1.91e+08  3.2e+34
204   0.004983583942570281    10  aab+21a    9.6798E-21       3  aab+21a    58.466742972        2  abb+23     0.000230240     10  abb+23     He[gsf+11]       2.778   0.087  2.016  6.591  pksmb,palfa,fast_gpps                                                    8.16e+09 2.22e+08  3.1e+33
205   0.027238703810866       8  why+25     4.33E-20         3  why+25     11.78905319         2  why+25     0.0050267        5  why+25     CO[why+25]       2.165   0.056  1.574  7.015  fast_gpps                                                                9.98e+09 1.1e+09   8.4e+31

206   0.004625962471274505     7  aab+21a    1.69240E-20      3  aab+21a    0.0                   0  0          0.0                0  0          NULL                2.500   0.079  1.843  6.812  pksmb,ar327,fast_gpps                                                    4.33e+09 2.83e+08  6.7e+33
207   0.0031662413906749      5  why+25     8.059E-21       14  why+25     0.2468944916        2  why+25     1.1e-5           0  why+25     He[why+25]       2.166   0.072  1.609  7.052  fast_gpps                                                                6.22e+09 1.62e+08  1.0e+34
208   0.02506804825974        3  mzl+23     2.86E-20         9  mzl+23     29.4925321          5  mzl+23     4.9E-5           3  mzl+23     He[mzl+23]       9.446   -1.489 4.150  0.146  fast_crafts                                                              1.39e+10 8.57e+08  7.2e+31
209   0.4591143100176        11  wyw+23     5.9E-18          5  wyw+23     0.0                   0  0          0.0                0  0          NULL                3.415   0.419  2.913  6.768  fast_crafts                                                              1.23e+09 5.27e+10  2.4e+30
210   0.173647195715          2  psf+22     1.531E-17        3  psf+22     0.0                   0  0          0.0                0  0          NULL                7.150   0.010  5.154  3.545  palfa,fast_gpps                                                          1.8e+08  5.22e+10  1.2e+32

211   0.059030003217813      11  wh16       8.6183E-18       4  wh16       0.322997448918      3  wh16       0.6171340        4  wh16       NS[wnt10]        4.167   0.154  3.188  5.822  ar1,ar4,pksmb,fast_gpps                                                  1.09e+08 2.28e+10  1.7e+33
212   0.011219660170415      13  why+25     2.00E-20         6  why+25     14.8184145          3  why+25     2.1e-5           0  why+25     He[why+25]       8.434   -0.290 5.705  2.295  fast_gpps                                                                8.88e+09 4.8e+08   5.6e+32
213   0.0039676994293205     12  why+25     2.113E-20        5  why+25     4.61843740          3  why+25     4.6e-5           0  why+25     He[why+25]       8.159   -0.408 5.395  2.393  fast_gpps                                                                2.98e+09 2.93e+08  1.3e+34
214   0.0056374684403580     13  why+25     6.55E-21         7  why+25     3.201264482         5  why+25     4.8e-5           0  why+25     CO[why+25]       3.643   0.017  2.683  6.036  fast_gpps                                                                1.36e+10 1.94e+08  1.4e+33
215   0.002103682629053       3  why+25     5.6E-22          5  why+25     4.44919663          8  why+25     4.2e-5           0  why+25     He[why+25]       1.948   -0.101 1.292  7.046  fast_gpps                                                                5.98e+10 3.47e+07  2.4e+33

216   0.0024963718144300      2  san16      1.935E-20        3  san16      9.92929053          3  san16      3.69E-5          4  san16      He[san16]        5.084   -0.526 3.101  4.506  FermiAssoc,fast_gpps                                                     2.04e+09 2.22e+08  4.9e+34
217   0.00264634144946923    15  pkr+19     3.8196E-20       5  pkr+19     39.64926375         2  pkr+19     0.00020819       6  pkr+19     He[pkr+19]       2.432   0.104  1.956  7.059  palfa,FermiBlind,fast_gpps                                               1.1e+09  3.22e+08  8.1e+34
218   0.005721085953134       7  why+25     8.981E-20       14  why+25     3.5281740           2  why+25     4.8e-5           0  why+25     He[why+25]       3.040   -0.047 2.289  6.500  fast_gpps                                                                1.01e+09 7.25e+08  1.9e+34
219   0.0030216063479651      6  pkr+19     1.680E-20       10  pkr+19     0.1366347269        8  pkr+19     0.0                0  0          UL[pkr+19]       6.080   -0.243 4.552  4.477  palfa,fast_gpps                                                          2.85e+09 2.28e+08  2.4e+34
220   0.0280409137649652     16  wyw+23     1.0552E-19      16  wyw+23     0.0                   0  0          0.0                0  0          NULL                6.721   -1.265 3.491  2.898  fast_crafts                                                              4.21e+09 1.74e+09  1.9e+32

221   0.0064182169037316      9  mzl+23     8.56E-21         3  mzl+23     9.265037044         4  mzl+23     8.48E-6         18  mzl+23     He[mzl+23]       1.850   -0.251 1.146  7.070  fast_crafts,fast_gpps                                                    1.19e+10 2.37e+08  1.3e+33
222   0.0032094483735305      3  why+25     8.16E-22         6  why+25     5.574928410         4  why+25     1.9e-5           0  why+25     He[why+25]       4.733   -0.165 3.616  5.450  fast_gpps                                                                6.23e+10 5.18e+07  9.7e+32
223   0.4257203277690        10  shw+23     1.900E-18       10  psf+22     0.0                   0  0          0.0                0  0          NULL                5.931   -0.203 4.536  4.684  palfa,fast_gpps                                                          3.55e+09 2.88e+10  9.7e+29
224   0.0057674069326982      7  pkr+19     8.65E-21         7  pkr+19     76.4059750          2  pkr+19     0.00017701      10  pkr+19     He[pkr+19]       3.265   0.171  2.801  6.832  palfa,fast_gpps                                                          1.06e+10 2.26e+08  1.8e+33
225   0.014244703565637       7  why+25     3.525E-19        5  why+25     0.0809057967        2  why+25     2.8e-5           0  why+25     MS[why+25]       5.106   0.096  4.256  5.681  fast_gpps                                                                6.4e+08  2.27e+09  4.8e+33

226   0.230984425819         16  psf+22     2.68E-18         8  psf+22     0.0                   0  0          0.0                0  0          NULL                3.176   -0.014 2.603  6.680  palfa,fast_gpps                                                          1.37e+09 2.52e+10  8.6e+30
227   0.03292768386995        4  why+25     6.3E-20          3  why+25     1.064143467         4  why+25     5.3e-5           0  why+25     CO[why+25]       4.992   -0.014 4.153  5.731  fast_gpps                                                                8.3e+09  1.46e+09  7.0e+31
228   0.00395766764533531    16  pkr+19     1.3202E-20       5  pkr+19     17.30610529         2  pkr+19     9.177E-5        20  pkr+19     He[pkr+19]       3.258   -0.119 2.608  6.551  palfa,fast_gpps                                                          4.75e+09 2.31e+08  8.4e+33
229   0.052761755872072      20  why+25     3.956E-19       17  why+25     33.9698770          2  why+25     0.0004038        3  why+25     CO[why+25]       8.945   0.112  7.635  3.841  fast_gpps                                                                2.11e+09 4.62e+09  1.1e+32
230   0.17386658163564       16  wyw+23     2.972E-18       10  wyw+23     0.0                   0  0          0.0                0  0          NULL                2.014   -0.518 0.960  6.807  fast_crafts                                                              9.27e+08 2.3e+10   2.2e+31

231   0.001557806567041489    20  rsc+21     1.0510272E-19    10  rsc+21    0.0                   0  0          0.0                0  0          NULL                3.500   -0.018 2.952  6.620  ar2,ar3,ar4,gbncc,palfa,fast_gpps                                        2.35e+08 4.09e+08  1.1e+36
232   0.466962555351          7  psf+22     5.2E-18          4  psf+22     0.0                   0  0          0.0                0  0          NULL                2.682   0.091  2.356  7.221  palfa,fast_gpps                                                          1.42e+09 4.99e+10  2.0e+30
233   0.004681671302958       4  why+25     1.8E-22          7  why+25     26.76246566         9  why+25     3.3e-5           0  why+25     CO[why+25]       7.991   -0.119 6.808  4.318  fast_gpps                                                                4.23e+11 2.9e+07   6.7e+31
234   0.005084173689953       6  skl+15     8.8E-21          3  skl+15     8.31148080          2  skl+15     1.7e-6           0  why+25     CO,co[why+25]    4.040   -0.051 3.442  6.386  palfa,fast_gpps                                                          9.17e+09 2.14e+08  2.6e+33
235   0.005185201908798642    14  aab+21a    1.733667E-20    19  aab+21a    0.0                   0  0          0.0                0  0          NULL                1.219   -0.156 0.886  7.678  ar4,fast_gpps                                                            4.74e+09 3.03e+08  4.9e+33

236   0.025772259978831       6  why+25     2.4E-21          4  why+25     6.037962681        10  why+25     0.000344         3  why+25     CO[why+25]       1.604   -0.223 1.170  7.426  fast_gpps                                                                1.71e+11 2.51e+08  5.5e+30
237   0.00317013917902887     8  aab+21a    3.164E-21        4  aab+21a    27.01994796        10  aab+21a    0.13449542       7  aab+21a    He[ft14]         6.938   0.570  6.468  6.055  htru_eff,FermiAssoc,fast_gpps                                            1.59e+10 1.01e+08  3.9e+33
238   0.0081775519243452      7  why+25     2.316E-20        3  why+25     81.9689107          3  why+25     0.0001401        2  why+25     He[why+25]       4.287   -0.197 3.601  6.183  fast_gpps                                                                5.59e+09 4.4e+08   1.7e+33
239   0.0043047754832565      8  zfk+19     1.8805E-20       8  zfk+19     22.19137127         6  zfk+19     0.07981173       4  zfk+19     He[kls+15]       7.269   -0.148 6.362  4.987  palfa,FermiAssoc                                                         3.63e+09 2.88e+08  9.3e+33
240   0.020732360091374       3  gfb+22     4.27162E-18      4  gfb+22     0.39187863288       9  gfb+22     4.11E-5         20  gfb+22     CO[ltk+14]       10.030  -0.066 8.957  3.986  palfa,fast_gpps                                                          7.69e+07 9.52e+09  1.9e+34

241   0.0180209426868383     10  why+25     2.1133E-19       3  why+25     0.8674946510        4  why+25     8.1e-6           0  why+25     CO[why+25]       10.469  0.122  9.495  4.091  fast_gpps                                                                1.35e+09 1.97e+09  1.4e+33
242   0.0044440809243302     14  plj+23     2.192E-20       20  plj+23     0.0370398638        5  plj+23     0.00055          0  why+25     UL[why+25]       4.342   -0.345 3.618  6.124  fast_gpps                                                                3.21e+09 3.16e+08  9.9e+33
243   0.0048883007458242     12  lpz+25     4.86037E-20     20  lpz+25     0.17679503185       7  lpz+25     0.000110         8  lpz+25     UL[hrs+07]       4.000   -0.318 3.335  6.314  misc,fast_gpps,fast_gcps                                                 1.59e+09 4.93e+08  1.6e+34
244   0.07989931383355        6  lpz+25     1.007E-18        4  lpz+25     466.46888           2  lpz+25     0.0019693        4  lpz+25     UNKN                4.000   -0.318 3.335  6.315  fast_crafts,fast_gcps                                                    1.26e+09 9.08e+09  7.8e+31
245   0.02893279811304        3  lpz+25     4.03E-20         6  lpz+25     378.23276           6  lpz+25     0.0003775        4  lpz+25     UNKN                4.000   -0.319 3.335  6.315  fast_crafts,fast_gcps                                                    1.14e+10 1.09e+09  6.6e+31

246   0.10067901578798       11  lpz+25     8.0E-20          4  lpz+25     10.93804260        10  lpz+25     0.628921         3  lpz+25     UNKN                4.000   -0.318 3.335  6.314  fast_crafts,fast_gcps                                                    1.99e+10 2.87e+09  3.1e+30
247   0.0044440809243336      4  lpz+25     2.2167E-20      14  lpz+25     0.0370398633        3  lpz+25     0.0005           6  lpz+25     UNKN                4.341   -0.344 3.617  6.124  fast_gcps                                                                3.18e+09 3.18e+08  1.0e+34
248   0.4266767865302         4  hlk+04     1.711E-18        3  hlk+04     0.0                   0  0          0.0                0  0          NULL                0.536   0.007  0.489  8.281  jb1,ar327,gb3,jb2,lotaas,palfa,fast_gpps                                 3.95e+09 2.73e+10  8.7e+29
249   0.0048727658629793     17  dfc+12     9.12E-21        10  dfc+12     0.0                   0  0          0.0                0  0          NULL                8.176   -0.224 7.265  4.757  palfa,fast_gpps                                                          8.47e+09 2.13e+08  3.1e+33
250   0.00613316651623409     3  aab+21a    2.97397E-20     12  aab+21a    117.34909723        3  aab+21a    0.000330224     11  aab+21a    He[gsf+11]       6.303   0.049  5.751  5.920  misc,ar327,gbncc,fast_gpps                                               3.27e+09 4.32e+08  5.1e+33

251   0.0039616553424040     10  sab+16     2.744E-20        9  sab+16     0.2381447210        7  sab+16     2.8E-5          26  sab+16     UL[sab+16]    2.659   -0.092 2.363  7.284  palfa,FermiAssoc                                                         2.29e+09 3.34e+08  1.7e+34
252   0.00160740168480632     3  aft94      1.68515E-20      9  aft94      0.3819666069        8  aft94      0.00000          4  aft94      UL[rcf+06]       1.400   -0.115 1.198  7.785  ar3,FermiBlind,fast_gpps                                                 1.51e+09 1.67e+08  1.6e+35
253   0.0068199585607571      8  mzl+23     1.438E-20        7  mzl+23     5.22708263          2  mzl+23     2.26E-5         12  mzl+23     He[mzl+23]       3.782   -0.799 2.725  6.002  fast_crafts                                                              7.51e+09 3.17e+08  1.8e+33
254   0.00216355679356697    15  drc+21     3.30E-21         3  drc+21     0.6513597614        5  drc+21     2.1E-5           8  drc+21     He[drc+21]       2.437   -0.662 1.611  6.796  FermiAssoc                                                               1.04e+10 8.56e+07  1.3e+34
255   0.024497388545933      10  akc+13     9.611E-19        3  akc+13     0.0                   0  0          0.0                0  0          NULL                7.102   -0.334 6.466  5.582  palfa,fast_gpps                                                          4.04e+08 4.91e+09  2.6e+33

256   0.0043279839569886     17  mzl+23     6.67E-21         4  mzl+23     6.4567191424       17  mzl+23     3.09E-6         13  mzl+23     He[mzl+23]       2.086   -0.532 1.548  7.207  fast_crafts                                                              1.03e+10 1.72e+08  3.2e+33
257   0.064940388241514       6  gsf+11     4.0063E-19       6  gsf+11     635.02377864        7  gsf+11     0.00147981       2  gsf+11     He[gsf+11]       2.161   -0.326 1.860  7.449  misc,gbncc,lotaas,fast_gpps                                              2.57e+09 5.16e+09  5.8e+31
258   0.002896215816722975    11  abb+18     7.9931E-21       7  abb+18     2.19848113613      12  abb+18     7.06E-6          9  abb+18     He[cgj+11]       1.399   -0.386 1.009  7.611  misc,FermiBlind,fast_gpps                                                5.74e+09 1.54e+08  1.3e+34
259   0.0023142872649224      4  san16      2.45E-21         5  san16      0.0978252578        4  san16      0.0                0  0          UL[san16]        2.400   -1.060 0.988  6.587  FermiAssoc                                                               1.5e+10  7.62e+07  7.8e+33
260   0.0313162193280        10  why+25     3.9E-19          8  why+25     3.33271560         10  why+25     4.3e-5           0  why+25     CO[why+25]       7.077   -0.047 6.792  6.513  fast_gpps                                                                1.26e+09 3.55e+09  5.0e+32

261   0.00393452408033124    11  nss01      7.0237E-21      12  nss01      76.51163479         2  nss01      0.00011109       4  nss01      He[nss01]        1.163   -0.134 1.045  8.007  ar3,gbncc,fast_gpps                                                      8.88e+09 1.68e+08  4.6e+33
262   0.010595519821519       5  mzl+23     5.27E-20         3  mzl+23     0.0                   0  0          0.0                0  0          He[mzl+23]       4.540   -1.537 3.131  5.594  fast_crafts                                                              3.19e+09 7.56e+08  1.7e+33
263   0.00594895754058564     4  aab+21a    1.1146E-20       3  aab+21a    56.307795307       15  aab+21a    0.00012872       3  aab+21a    He[rtj+96]       1.739   -0.396 1.479  7.675  ar4,fast_gpps                                                            8.46e+09 2.61e+08  2.1e+33
264   0.0032750415510289      4  spp+23     8.414E-21        9  spp+23     5.789963674         4  spp+23     6.1E-6           3  spp+23     He[spp+23]    1.705   -1.015 0.151  7.138  gbncc,FermiAssoc                                                         6.17e+09 1.68e+08  9.5e+33
265   0.0026509071060649      4  cnv+21     1.4164E-20       5  cnv+21     0.227979805         3  cnv+21     0.0                0  0          MS[cnv+21]       1.800   -1.087 -0.461 7.141  FermiAssoc                                                               2.97e+09 1.96e+08  3.0e+34

266   0.0045337267023282      3  san16      1.403E-20        6  san16      77.2005806          3  san16      0.00016639      10  san16      He[san16]        0.636   -0.249 0.442  8.116  FermiAssoc,fast_gpps                                                     5.12e+09 2.55e+08  5.9e+33
267   0.002379878924013453     3  aab+21a    5.24431E-21      6  aab+21a    1.482290786360     13  aab+21a    5.01E-6          8  aab+21a    He[gfc+12]       1.389   -0.367 1.182  7.869  FermiAssoc,ar327                                                         7.19e+09 1.13e+08  1.5e+34
268   0.031681842757300       4  mfb+20     5.8847E-19       4  mfb+20     32.29784447         8  mfb+20     0.017212447      6  mfb+20     CO[mfb+20]       5.629   -0.385 5.490  7.316  htru_eff,ar327,fast_gpps                                                 8.53e+08 4.37e+09  7.3e+32
269   0.0029622548584408     18  kjc+25     1.2803E-20       9  kjc+25     5.717274900        10  kjc+25     1.40E-5         10  kjc+25     UNKN                1.264   -0.733 -0.575 7.645  FermiAssoc                                                               3.67e+09 1.97e+08  1.9e+34
270   0.0042859279108027      6  saa+23     2.0801E-20       8  saa+23     0.1242894711        2  saa+23     0.0                0  0          UL[rap+12]       2.798   -0.942 2.211  7.067  FermiAssoc,ar327                                                         3.26e+09 3.02e+08  1.0e+34

271   0.00450864182000643    11  svf+16     1.2733E-20       7  svf+16     0.09911025490       4  svf+16     5.1E-5          10  svf+16     UL[sbb96]        1.469   -0.744 0.801  7.518  pks70,FermiBlind,gbncc                                                   5.61e+09 2.42e+08  5.5e+33
272   0.00198525628181868     8  drc+21     6.7037E-21      20  drc+21     0.1146136251        2  drc+21     0.0                0  0          UL[drc+21]       3.916   -1.338 3.159  6.613  FermiAssoc                                                               4.69e+09 1.17e+08  3.4e+34
273   0.0125862753143500     16  bcf+17     1.7228E-19      10  bcf+17     2.4524990114        2  bcf+17     8.90E-6         10  bcf+17     CO[bcf+17]       3.809   0.087  3.802  8.291  htru_eff,fast_gpps,gbt820                                                1.16e+09 1.49e+09  3.4e+33
274   0.00216                 0  aab+22     2.019E-20        0  aab+22     0.0                   0  0          0.0                0  0          NULL                3.663   -1.168 3.082  6.902  ar327,FermiAssoc                                                         1.7e+09  2.11e+08  7.9e+34
275   0.00208929030219107     3  goc+19     9.996E-22        5  goc+19     0.129590372940     10  goc+19     1.0E-5           6  goc+19     UL[goc+19]       4.587   -0.341 4.513  7.754  misc,fast_gpps                                                           3.31e+10 4.62e+07  4.3e+33

276   0.002602876738872       2  san16      7.490E-20       10  san16      0.135322188         3  san16      0.0                0  0          UL[san16]        3.106   0.223  3.086  8.772  FermiAssoc                                                               5.51e+08 4.47e+08  1.7e+35
277   0.0022185119720233      3  lod+23     2.643E-21        7  lod+23     4.815322040        17  lod+23     1.3E-5           5  lod+23     UNKN                2.732   -1.104 2.249  7.410  ar327,FermiAssoc                                                         1.33e+10 7.75e+07  9.6e+33
278   0.00493111494511372     3  rsc+21     2.056952E-20    20  rsc+21     0.0                   0  0          0.0                0  0          NULL                0.410   -0.292 0.055  8.218  pks70,FermiBlind,gbncc                                                   3.8e+09  3.22e+08  6.8e+33
279   0.056133042453652      16  wpq+24     9.54577E-18     19  wpq+24     0.0                   0  0          0.0                0  0          NULL                10.710  -4.914 8.625  4.480  misc,fast_gpps                                                           9.32e+07 2.34e+10  2.1e+33
280   0.0305292961459         4  wpq+24     4.9885E-18       5  wpq+24     0.33528204828       5  jcj+06     0.681395         2  jcj+06     NS[jcj+06]       10.710  -4.915 8.626  4.483  misc,fast_gpps                                                           9.7e+07  1.25e+10  6.9e+33

281   0.00465143539262093    18  wpq+24     1.85465E-19      3  wpq+24     0.0                   0  0          0.0                0  0          NULL                10.710  -4.914 8.626  4.480  misc,fast_gpps                                                           3.97e+08 9.4e+08   7.3e+34
282   0.007613937470415       5  bbc+24     3.2775E-19       5  bbc+24     0.6352274131        3  bkb+16     0.0                0  0          MS[bkb+16]       1.830   -1.100 1.102  7.539  FermiAssoc,gbt350,gbncc                                                  3.68e+08 1.6e+09   2.9e+34
283   0.010149285744092       4  llw+25     1.6832E-19       5  llw+25     4.2554873           3  llw+25     0.075158         5  llw+25     UNKN                11.690  -6.833 7.612  2.841  fast_crafts                                                              9.55e+08 1.32e+09  6.4e+33
284   0.0042157350307355     15  llw+25     7.6180E-20      18  llw+25     3.429704477         3  llw+25     8.0E-6          10  llw+25     UNKN                11.690  -6.833 7.611  2.841  fast_crafts                                                              8.77e+08 5.73e+08  4.0e+34
285   0.0037031191439831     11  llw+25     3.9233E-20      14  llw+25     1.59730248          8  llw+25     0.035730         2  llw+25     UNKN                11.690  -6.833 7.612  2.841  fast_crafts                                                              1.5e+09  3.86e+08  3.1e+34

286   0.6542799967041        13  wwy+23     3.60E-18         5  wwy+23     10.5921329          3  wwy+23     0.601494         2  wwy+23     NS[wwy+23]       4.812   -1.246 4.635  8.146  fast_crafts                                                              2.88e+09 4.91e+10  5.1e+29
287   0.08470261549133       15  mgf+19     1.31E-19         3  mgf+19     815.24544           5  mgf+19     0.0015227        8  mgf+19     He[mgf+19]    3.195   -1.230 2.927  8.141  ar327,fast_gpps                                                          1.03e+10 3.37e+09  8.5e+30
288   0.00241554794898110     4  dcs+22     1.97939E-20      3  dcs+22     1.094551337704     12  dcs+22     8.2E-7          14  dcs+22     UNKN                3.535   0.228  3.427  9.335  misc,FermiBlind                                                          1.93e+09 2.21e+08  5.5e+34
289   0.6425055485748         5  dcm+23     2.68E-18        13  dcm+23     412.4866            4  dcm+23     0.0328479        8  dcm+23     UNKN                3.107   -0.428 3.062  8.809  chime,fast_gpps                                                          3.79e+09 4.2e+10   4.0e+29
290   0.003119226581323024    12  aab+21a    1.47285E-20      4  aab+21a    0.41663294591      20  aab+21a    1.6E-5           7  aab+21a    UL[rrc+11]       0.600   -0.222 0.557  8.469  FermiAssoc,ar327,gbncc                                                   3.36e+09 2.17e+08  1.9e+34

291   0.0026096197234461      7  aaa+13     3.34E-20         7  aaa+13     0.1725018600       10  bbc+24     1.1E-5          29  aaa+13     MS[hrm+11]       2.773   -0.201 2.725  8.974  FermiAssoc,gbt350,fast_gpps                                              1.24e+09 2.99e+08  7.4e+34
292   0.002977819295745368     8  aab+21a    1.5237E-21       5  aab+21a    93.015892501       17  aab+21a    0.000255311     11  aab+21a    He[lcf+96]       1.800   -0.797 1.613  8.435  ar4,ar327,gbncc,fast_gpps                                                3.1e+10  6.82e+07  2.3e+33
293   0.003576581631673108     7  sfa+19     1.201419E-20    13  sfa+19     32.001401630        8  sfa+19     0.129274035      8  sfa+19     He[sfa+19]       0.971   -0.662 0.679  8.292  ar327,fast_gpps                                                          4.72e+09 2.1e+08   1.0e+34
294   0.003627027895734231    14  aab+21b    2.01003E-20      6  aab+21b    0.41966003706      17  aab+21a    5.6E-6          28  aab+21a    UL[tjl+17]       0.714   -0.463 0.528  8.371  FermiAssoc,ar327,fast_gpps                                               2.86e+09 2.73e+08  1.7e+34
295   0.0021866997725548446    10  rsc+21     6.89656E-21      3  rsc+21     0.14567224025       2  rsc+21     2.6E-6           9  rsc+21     UL[kjr+11]       1.042   -0.853 -0.229 7.947  FermiAssoc,ghrss                                                         5.02e+09 1.24e+08  2.6e+34

296   0.00229453181696499     3  csm+20     1.13535E-20     10  csm+20     0.21288263050       7  csm+20     0.0                0  0          UL[hrm+11]       2.083   -1.772 0.941  7.940  FermiAssoc,gbncc                                                         3.2e+09  1.63e+08  3.7e+34
297   0.00519232464875420     3  aab+21a    1.38681E-20     11  aab+21a    125.93529692        3  aab+21a    0.000503008     12  aab+21a    He[cgj+11]    0.859   -0.208 0.811  8.693  misc,FermiBlind,gbncc                                                    5.93e+09 2.72e+08  3.9e+33
298   0.0026125867919415      6  san16      4.96E-21         4  san16      1.3970953640       10  san16      0.0                0  0          He[san16]        1.556   -1.318 0.775  8.213  FermiAssoc                                                               8.35e+09 1.15e+08  1.1e+34
299   0.0034452510723611      5  aab+21a    2.4306E-21      17  aab+21a    2.45933146516       2  aab+21a    5.4E-7           4  aab+21a    He[dsw+17]       1.667   -1.123 1.231  8.529  ar4,FermiBlind,gbncc                                                     2.25e+10 9.26e+07  2.3e+33
300   0.1187102506902         8  ccl+21     1.97E-18         8  ccl+21     95.25536            2  ccl+21     0.0018237        9  ccl+21     CO[ccl+21]       2.013   -0.446 1.838  9.189  fast_crafts                                                              9.53e+08 1.55e+10  4.7e+31

301   0.00288422674154723    17  pc15       1.4102E-20       7  pc15       0.19309840181       4  pc15       0.000210        10  pc15       MS[ssc+19]       1.100   -0.976 0.503  8.424  FermiAssoc                                                               3.24e+09 2.04e+08  2.3e+34
302   0.0037189923044933     13  mzl+23     3.22E-21         5  mzl+23     11.751022094       16  mzl+23     1.35E-6         13  mzl+23     He[mzl+23]       0.959   -0.822 0.492  8.544  fast_crafts,ar327                                                        1.83e+10 1.11e+08  2.5e+33
