111.383   -52.849
113.141   -57.611
111.492   -68.069
301.192   -52.720
124.874   -14.167
143.185   -41.810
160.317   -59.365
138.214   -17.905
139.508   -17.527
144.877   -15.322
153.881   -29.486
131.704   14.224
191.510   -52.378
178.457   -43.605
150.348   -8.038
169.990   -30.039
153.783   -11.022
141.525   11.536
253.395   -41.963
175.883   -13.050
184.125   -17.137
182.176   -9.012
172.524   0.467
144.780   18.183
174.193   8.022
227.746   -18.184
210.413   -9.305
240.501   -21.827
187.120   5.073
206.334   -4.784
163.909   18.643
264.434   -22.628
169.259   19.783
210.498   6.200
149.730   29.599
202.730   21.086
173.626   33.453
273.775   -1.447
153.506   41.833
250.999   23.054
283.685   -5.737
274.218   11.225
251.702   40.515
290.371   -7.843
247.152   48.471
213.172   62.139
287.421   5.529
289.944   1.106
283.136   23.019
284.094   22.765
291.209   4.246
291.893   2.602
292.504   0.894
292.460   2.778
128.999   40.772
267.542   59.400
296.479   -4.120
295.861   11.422
299.096   -1.561
289.675   55.533
300.082   0.591
295.531   48.385
300.911   -2.221
310.811   71.282
305.588   29.838
307.681   28.176
314.842   63.227
332.974   79.764
332.963   79.761
308.520   3.749
310.332   -0.156
326.986   45.087
356.422   68.217
33.380    72.101
315.002   4.349
320.051   12.253
315.186   -0.641
318.097   4.630
322.500   11.425
23.395    60.812
318.272   0.391
330.722   22.562
338.820   26.964
325.249   6.807
3.870     46.802
3.862     46.803
340.228   23.670
328.198   4.789
327.921   2.479
79.172    50.166
323.575   -3.767
330.649   4.752
1.502     34.757
85.594    47.210
330.342   3.372
344.477   18.503
344.090   16.451
326.465   -5.409
352.636   20.192
335.816   2.792
10.708    30.676
319.614   -13.963
13.890    31.827
347.428   11.482
60.245    43.215
41.051    38.271
58.995    40.913
59.008    40.910
113.840   31.763
358.269   15.116
16.615    24.935
59.626    37.579
334.869   -6.625
346.161   1.826
344.078   -0.329
44.522    32.209
75.929    36.449
344.145   -2.244
28.751    25.223
68.336    34.861
17.067    17.252
357.616   4.260
349.372   -1.856
357.137   2.921
3.137     6.023
340.029   -9.454
21.326    14.807
27.721    17.742
37.885    21.641
14.794    9.180
350.908   -5.155
34.869    19.254
350.208   -6.412
0.646     -1.124
9.251     3.412
6.299     1.663
6.499     0.948
332.984   -17.182
19.225    6.765
19.226    6.753
14.546    4.162
8.382     0.611
345.601   -12.045
326.845   -20.344
3.505     -2.736
33.351    13.005
54.645    21.667
12.599    1.188
44.642    16.806
10.545    -0.563
22.604    5.923
12.821    0.435
7.073     -2.559
24.971    6.534
5.322     -4.112
72.830    24.735
15.876    -0.086
31.244    7.504
2.788     -7.913
39.076    10.647
24.160    3.100
7.797     -5.578
36.069    8.014
53.343    15.612
356.011   -13.260
29.990    3.007
31.805    3.088
30.467    2.327
31.906    2.457
25.662    -0.567
33.116    2.942
22.055    -3.397
18.782    -4.871
32.573    1.731
33.283    2.079
30.812    0.904
34.012    2.346
35.171    2.845
27.682    -1.207
21.267    -6.154
44.875    5.367
20.359    -7.570
39.647    1.607
42.290    3.060
13.581    -11.393
342.066   -22.691
40.269    0.977
32.817    -2.902
345.650   -22.379
37.336    -1.014
42.045    1.200
324.391   -26.508
35.224    -2.387
38.163    -0.988
39.643    -0.156
42.371    1.073
38.095    -1.289
40.563    0.093
41.741    0.254
18.426    -11.239
36.170    -3.080
44.291    1.113
53.692    5.775
46.564    1.795
46.666    1.486
47.518    1.809
48.010    1.905
26.415    -9.067
59.268    7.053
46.129    0.082
49.968    2.122
42.595    -1.972
41.461    -2.869
47.430    0.270
41.635    -2.967
37.825    -5.938
53.619    2.453
48.851    -0.880
48.534    -2.290
31.932    -10.851
38.712    -7.792
49.855    -1.997
49.932    -1.962
59.228    3.002
56.481    1.079
55.038    -0.256
56.305    -0.163
53.237    -2.090
58.607    0.715
29.542    -14.897
57.509    -0.290
61.501    1.951
58.435    -0.852
58.439    -0.730
47.160    -7.357
47.463    -7.979
69.294    4.713
57.243    -2.638
61.098    -1.169
63.254    -0.376
65.092    0.667
56.702    -4.551
56.750    -4.561
56.773    -4.566
56.776    -4.571
56.761    -4.557
56.702    -4.551
65.924    0.772
62.740    -1.571
65.839    0.443
62.769    -1.973
59.197    -4.697
47.494    -12.201
43.395    -15.763
65.713    -2.695
50.126    -14.765
60.522    -8.675
48.621    -16.026
27.314    -26.220
73.692    -0.379
64.746    -6.624
47.131    -19.786
60.857    -13.154
6.331     -36.517
341.265   -37.145
48.993    -23.016
61.919    -15.313
77.832    -3.926
326.066   -35.429
57.046    -19.676
39.192    -30.411
59.145    -19.986
86.861    1.302
62.600    -18.600
80.615    -4.259
95.043    4.109
64.150    -23.824
10.925    -45.438
65.013    -27.314
65.030    -27.315
65.014    -27.311
48.911    -36.939
53.374    -35.768
53.369    -35.772
53.369    -35.770
85.636    -15.002
82.999    -22.649
103.686   3.696
95.768    -7.927
86.855    -21.665
99.868    -4.159
87.693    -26.284
72.991    -43.006
76.280    -40.438
337.457   -54.927
59.231    -58.293
103.395   -14.005
69.702    -57.907
91.361    -42.360
110.544   -12.791
81.349    -62.476
95.152    -58.988
