1       0.018946
2       0.0
3       0.164635
4       0.181425
5       0.209467

6       0.0
7       0.143254
8       0.0
9       0.195730
10      0.0

11      0.027892
12      0.232487
13      0.010355
14      0.0
15      0.0

16      0.135345
17      0.0
18      0.0
19      0.163681
20      0.0

21      1.277057
22      0.0
23      1.420496
24      0.0
25      0.206376

26      0.024748
27      0.149867
28      0.324184
29      0.171535
30      0.169912

31      0.007934
32      0.232600
33      0.250811
34      1.348119
35      0.224747

36      0.149620
37      0.0
38      0.274347
39      0.149900
40      0.0

41      0.254628
42      0.312282
43      0.00000
44      0.0
45      0.0

46      0.355056
47      0.0
48      0.0
49      0.216094
50      0.031385

51      0.0
52      0.309648
53      0.327812
54      0.0
55      0.173413

56      0.176723
57      0.232369
58      0.0
59      0.182044
60      0.015165

61      1.575627
62      0.215269
63      0.166349
64      0.027215
65      0.170573

66      0.009486
67      0.205319
68      0.0
69      0.304801
70      0.0

71      0.0
72      0.310211
73      0.323592
74      1.018738
75      0.437732

76      0.144855
77      1.079106
78      1.375635
79      0.021957
80      0.0

81      1.047552
82      0.296975
83      0.018756
84      0.197819
85      0.0

86      0.227888
87      0.098251
88      0.322183
89      0.262033
90      0.019616

91      0.0
92      0.0 
93      0.231390
94      0.0
95      0.0

96      0.059363
97      0.240109
98      0.0
99      0.471160
100     0.689987

101     0.112546
102     0.216795
103     0.190724
104     0.182497
105     0.273778

106     0.290328
107     0.0
108     0.540586
109     0.046837
110     0.0

111     0.011172
112     1.065509
113     0.0
114     0.0
115     0.0

116     0.316882
117     0.0
118     0.237035
119     0.324201
120     0.182720

121     0.033814
122     0.277126
123     0.0
124     1.007043
125     0.0

126     0.209294
127     0.018405
128     0.103990
129     0.279880
130     0.0

131     0.096668
132     0.015826
133     0.0
134     0.225846
135     0.0

136     0.582114
137     1.352747
138     0.503908
139     0.0
140     0.0

141     0.0
142     0.981815
143     0.279823
144     0.339172
145     0.234782

146     0.026512
147     0.285101
148     0.0
149     0.050413
150     0.328729

151     0.237203
152     1.040814
153     0.274065
154     0.326823
155     0.220430

156     0.184793
157     0.0
158     0.0
159     0.0
160     0.309917

161     0.341559
162     0.0
163     0.318026
164     1.568832
165     0.009568

166     0.208290
167     0.096643
168     0.0
169     0.173927
170     0.189492

171     0.111478
172     0.0
173     0.0
174     0.156513
175     0.161224

176     0.875862
177     0.240461
178     0.006638
179     1.604775
180     0.0

181     0.281431
182     0.310849
183     0.427267
184     0.283711
185     0.246310

186     0.138314
187     1.207439
188     0.0
189     0.188025
190     1.083666

191     0.135337
192     0.335469
193     0.580310
194     0.257815
195     0.162582

196     0.0
197     0.0
198     1.168161
199     0.0
200     0.057458

201     0.335474
202     0.931756
203     0.062673
204     0.224453
205     0.769845

206     0.0
207     0.128604
208     0.084764
209     0.0
210     0.0

211     1.056151
212     0.191310
213     0.203072
214     0.480251
215     0.157270

216     0.273133
217     0.295474
218     0.105311
219     0.010370
220     0.0

221     0.310776
222     0.268569
223     0.0
224     0.269391
225     0.133781

226     0.0
227     1.193641
228     0.221123
229     1.128802
230     0.0

231     0.0
232     0.0
233     0.468531
234     0.328163
235     0.0

236     0.364473
237     0.249025
238     0.335495
239     0.296931
240     1.132847

241     0.301994
242     0.008704
243     0.036506
244     0.489407
245     0.416755

246     1.572834
247     0.008703
248     0.0
249     0.0
250     0.208279

251     0.112346
252     0.024777
253     0.112827
254     0.175735
255     0.0

256     0.239888
257     0.342730
258     0.205919
259     0.030138
260     1.245328

261     0.364313
262     0.00000
263     0.219137
264     0.164295
265     0.199878

266     0.216089
267     0.197617
268     0.954926
269     0.196797
270     0.040999

271     0.030857
272     0.038276
273     1.016553
274     0.0
275     0.025852

276     0.024874
277     0.219859
278     0.0
279     0.0
280     1.130671

281     0.0
282     0.436317
283     0.188413
284     0.266431
285     0.214805

286     1.151425
287     0.417248
288     0.174624
289     0.151925
290     0.015413

291     0.243711
292     0.142244
293     0.220938
294     0.017786
295     0.013547

296     0.034174
297     0.343938
298     0.172595
299     0.201229
300     1.265355

301     0.302596
302     0.281994
