1     0.7         0  whx+23 
2     0.0           0  *
3     0.98        0  stc99 
4     0.0           0  *
5     0.0           0  *

6     0.3         0  dmo+24 
7     0.0           0  *
8     0.0           0  *
9     1.46        0  mss+20 
10    0.0           0  *

11    0.0           0  *
12    0.0           0  *
13    0.0           0  *
14    0.0           0  *
15    7.7         3  whx+23 

16    2.4         0  dmo+24 
17    0.5         0  whx+23 
18    0.0           0  *
19    1.02        0  ymv+11 
20    0.0           0  *

21    2.00       10  whx+23 
22    39.3        9  whx+23 
23    2.80       15  why+25 
24    0.0           0  *
25    0.7         0  dmo+24 

26    0.81        0  mss+20 
27    0.92        0  ymv+11 
28    0.63        0  mss+20 
29    0.0           0  *
30    0.0           0  *

31    0.29        0  mss+20 
32    0.0           0  *
33    2.5         0  whx+23 
34    3.6         0  dmo+24 
35    0.85        0  mss+20 

36    1.0         0  dmo+24 
37    19.3        2  whx+23 
38    0.0           0  *
39    0.0           0  *
40    1.4         0  mss+20 

41    0.0           0  *
42    0.0           0  *
43    1.51        0  ymv+11 
44    0.0           0  *
45    5.8         2  whx+23 

46    0.0           0  *
47    0.0           0  *
48    170.0         0  lfl+06 
49    0.0           0  *
50    0.0           0  *

51    0.0           0  *
52    1.72        0  kjb+12 
53    1.8         0  lfl+06 
54    7.2         0  kbm+03 
55    0.0           0  *

56    2.8         0  whx+23 
57    0.0           0  *
58    0.0           0  *
59    3.0           0  lfl+06 
60    0.28        0  mss+20 

61    0.0           0  *
62    0.77        0  mss+20 
63    14.0          0  mlc+01 
64    0.6         0  whx+23 
65    0.0           0  *

66    0.0           0  *
67    2.2         0  whx+23 
68    0.0           0  *
69    0.0           0  *
70    6.5         0  pkj+21 

71    0.0           0  *
72    0.48        0  mss+20 
73    0.0           0  *
74    4.9        10  dmo+24 
75    12.0          0  hfs+04 

76    0.0           0  *
77    0.0           0  *
78    3.4         0  lfl+06 
79    0.29        0  kjb+12 
80    2.1         0  whx+23 

81    4.8         0  mlc+01 
82    2.3         0  lor94 
83    0.0           0  *
84    0.0           0  *
85    0.7         8  whx+23 

86    2.102       3  zfr+23 
87    0.0           0  *
88    0.0           0  *
89    1.14        0  kjb+12 
90    0.4         0  whx+23 

91    0.0           0  *
92    0.0           0  *
93    0.0           0  *
94    0.0           0  *
95    0.0           0  *

96    0.0           0  *
97    0.42        0  ymv+11 
98    5.9         0  pkj+21 
99    0.61        0  mss+20 
100   1.02        0  ccb+20 

101   0.0           0  *
102   0.0           0  *
103   0.0           0  *
104   0.0           0  *
105   0.8         0  dmo+24 

106   0.6         0  dmo+24 
107   0.0           0  *
108   0.0           0  *
109   0.32        0  mss+20 
110   2.0         0  mss+20 

111   0.0           0  *
112   7.8        10  dmo+24 
113   0.0           0  *
114   0.0           0  *
115   0.0           0  *

116   1.5         0  dmo+24 
117   2.4         0  whx+23 
118   16.0          0  lfl+06 
119   1.10       10  wys+24 
120   0.0           0  *

121   0.0           0  *
122   0.0           0  *
123   0.0           0  *
124   0.0           0  *
125   1.74        0  ymv+11 

126   1.76        0  ymv+11 
127   0.0           0  *
128   1.4         0  dmo+24 
129   0.6         0  dmo+24 
130   0.2         0  wys+24 

131   6.2         0  pkj+21 
132   0.8         0  whx+23 
133   0.0           0  *
134   0.74        0  lfl+06 
135   14.0          0  lfl+06 

136   8.6         6  kkl+09 
137   1.6         0  lfl+06 
138   0.0           0  *
139   0.0           0  *
140   0.0           0  *

141   1.3         0  lfl+06 
142   0.74        0  lfl+06 
143   0.0           0  *
144   0.0           0  *
145   5.9         0  llb+96 

146   0.0           0  *
147   2.6        10  dmo+24 
148   0.0           0  *
149   0.0           0  *
150   11.0          0  mhl+02 

151   0.0           0  *
152   63.0          0  mhl+02 
153   2.1         0  kjb+12 
154   0.0           0  *
155   0.0           0  *

156   2.0         0  whx+23 
157   30.0          0  pkj+21 
158   1.6         0  dmo+24 
159   0.98        0  stc99 
160   0.0           0  *

161   0.0           0  *
162   1.60        0  ymv+11 
163   1.3         0  whx+23 
164   0.7        10  dmo+24 
165   0.0           0  *

166   2.1         0  whx+23 
167   0.0           0  *
168   36.9        5  whx+23 
169   3.56        2  why+25 
170   0.0           0  *

171   11.0          0  lfl+06 
172   0.0           0  *
173   0.0           0  *
174   0.0           0  *
175   0.0           0  *

176   0.0           0  *
177   1.87        4  why+25 
178   0.0           0  *
179   0.0           0  *
180   0.0           0  *

181   2.1         0  whx+23 
182   0.0           0  *
183   1.700      10  why+25 
184   3.0         0  whx+23 
185   0.0           0  *

186   0.0           0  *
187   2.6         4  shy+24 
188   0.0           0  *
189   0.0           0  *
190   0.8         0  whx+23 

191   2.780      10  why+25 
192   0.0           0  *
193   0.0           0  *
194   11.9        3  whx+23 
195   1.890      10  why+25 

196   0.0           0  *
197   1.2         0  whx+23 
198   0.0           0  *
199   0.0           0  *
200   0.0           0  *

201   1.2         0  whx+23 
202   0.78        2  why+25 
203   0.0           0  *
204   0.5         0  whx+23 
205   2.94        5  why+25 

206   0.6         0  dmo+24 
207   0.730      10  why+25 
208   0.0           0  *
209   0.0           0  *
210   13.0        3  whx+23 

211   8.00       10  whx+23 
212   7.97        5  why+25 
213   0.0           0  *
214   0.0           0  *
215   0.200      10  why+25 

216   0.0           0  *
217   1.3         0  whx+23 
218   0.0           0  *
219   0.0           0  *
220   0.0           0  *

221   1.30       10  whx+23 
222   0.460      10  why+25 
223   0.0           0  *
224   0.8         0  whx+23 
225   1.45        3  why+25 

226   0.0           0  *
227   0.0           0  *
228   0.0           0  *
229   0.0           0  *
230   0.0           0  *

231   0.1         0  wys+24 
232   10.9        3  whx+23 
233   0.0           0  *
234   0.0           0  *
235   3.1         0  whx+23 

236   4.61        5  why+25 
237   1.6         0  whx+23 
238   0.62        2  why+25 
239   0.0           0  *
240   0.0           0  *

241   8.00        4  why+25 
242   0.0           0  *
243   0.0           0  *
244   0.0           0  *
245   0.0           0  *

246   0.0           0  *
247   0.0           0  *
248   23.3        5  dmo+24 
249   1.0         0  whx+23 
250   1.8         0  dmo+24 

251   0.0           0  *
252   1.2         0  whx+23 
253   0.0           0  *
254   0.0           0  *
255   19.7        0  whx+23 

256   0.0           0  *
257   2.30       10  whx+23 
258   1.3         0  whx+23 
259   0.0           0  *
260   0.0           0  *

261   0.76        0  ntf93 
262   0.0           0  *
263   0.6         0  whx+23 
264   0.52        0  mss+20 
265   0.0           0  *

266   2.3         0  whx+23 
267   0.7         0  dmo+24 
268   25.7       10  dmo+24 
269   0.0           0  *
270   1.2         0  dmo+24 

271   1.33        0  stc99 
272   0.0           0  *
273   3.4940      2  mlk+24 
274   0.6         0  dmo+24 
275   0.2         0  whx+23 

276   0.0           0  *
277   0.0           0  *
278   3.76        0  ymv+11 
279   8.6         2  whx+23 
280   2.4         0  and93 

281   0.90       10  whx+23 
282   5.0           0  mss+20 
283   3.32        0  llw+25 
284   0.604       0  llw+25 
285   0.26        0  llw+25 

286   0.0           0  *
287   5.2         2  dmo+24 
288   0.0           0  *
289   48.3       12  whx+23 
290   1.2         0  dmo+24 

291   0.0           0  *
292   0.8         0  dmo+24 
293   0.2         0  whx+23 
294   1.3         0  dmo+24 
295   0.13        0  kjr+11 

296   0.38        0  mss+20 
297   1.4         0  mss+20 
298   0.0           0  *
299   0.68        0  mss+20 
300   8.34        0  ccl+21 

301   0.0           0  *
302   1.7         0  dmo+24 
