# log(lambda) = a*log(R)^3 + b*log(R)^2 + c*log(R) + d. This is the V2 table including the additional columns Mhe_TAMS and R_TAMS
#M/Msun   Z/Zsun   Mhe_TAMS/Msun   R_TAMS/Rsun   R12/Rsun   R23/Rsun   Rmax/Rsun	a1 b1 c1 d1 a2 b2 c2 d2 a3 b3 c3 d3
10	1.0	2.03	12.0945	198	519	799	0.0831304	-0.4450450	0.2237710	-0.1525593	13.5788481	-100.9311313	249.3329793	-205.6629595	625.3317462	-5260.0091046	14751.9266583	-13794.4706727	
10	0.4	2.10	10.7979	207	471	741	0.0846835	-0.4695313	0.2918591	-0.1966646	10.5136868	-78.5466375	194.9519071	-161.7260605	189.0181218	-1537.4174571	4171.2321988	-3776.0207642	
10	0.2	2.13	10.2127	211	431	698	0.0752451	-0.4397644	0.2767605	-0.2029093	12.9547520	-96.8220424	240.5076662	-199.5446028	-30.1461961	279.7489534	-847.7545146	841.8773719	
10	0.1	2.17	9.37752	220	390	656	0.1169274	-0.6877051	0.7540374	-0.4948034	11.0350124	-83.1030566	207.8588190	-173.6845332	6.2519850	-27.6599161	17.6057510	30.1406492	
10	0.04	2.20	8.4855	239	345	587	0.0329803	-0.3242350	0.2422500	-0.2563575	27.8169960	-208.1097889	518.2014465	-430.5389616	13.4060181	-85.6734057	176.1733602	-115.6077258	
10	0.01	2.19	7.62458	271	384	538	0.2565881	-1.4239434	1.9082947	-1.0475296	38.1200072	-290.2345239	735.8270676	-622.3237844	324.2272391	-2557.5839582	6729.1399031	-5906.0843327	
12	1.0	2.74	13.6819	268	707	1.02e+03	0.1214681	-0.6887155	0.6861600	-0.4061696	6.4058348	-50.3827158	131.3994532	-114.7012141	770.6789176	-6736.2678223	19628.1071762	-19066.4407408	
12	0.4	2.82	12.1945	273	626	898	0.1233056	-0.7090948	0.7594741	-0.4561220	4.7839961	-38.1840842	100.8615520	-89.2285007	69.7122510	-546.4781650	1419.9650084	-1223.0150688	
12	0.2	2.86	11.6749	279	559	819	0.1007570	-0.6099017	0.6398698	-0.4173618	5.2942390	-42.1973169	111.3588659	-98.3657001	-197.5621085	1720.3633080	-4982.8294368	4800.0335994	
12	0.1	2.90	10.809	295	502	768	0.0956282	-0.6555945	0.8451545	-0.5951901	7.8995914	-62.5889392	164.5504730	-144.6480783	-35.7821711	318.9266152	-938.4440191	911.9369855	
12	0.04	2.92	10.1365	328	440	685	0.1332015	-0.9153666	1.3437321	-0.8760851	39.1036398	-306.0801928	797.9278691	-693.9505176	-34.9306139	313.1496891	-924.0645334	898.5532961	
12	0.01	2.91	8.85069	346	479	627	0.2688119	-1.5035555	2.0963984	-1.1653831	59.3305201	-466.8084892	1223.6490880	-1069.7764433	746.7443088	-6110.3963797	16670.7783316	-15165.4115468	
14	1.0	3.54	16.0141	345	831	1.17e+03	0.1460051	-0.8500461	1.0398076	-0.6391702	7.3607950	-60.8713094	167.0952165	-153.3374976	293.5968584	-2589.4906083	7614.3963651	-7465.9538796	
14	0.4	3.62	13.7599	370	702	992	0.0808996	-0.5458916	0.6155217	-0.4392325	6.9833229	-57.6039693	157.8772725	-144.8457516	-349.4847150	3132.3536370	-9345.5324265	9281.3021586	
14	0.2	3.66	13.1858	395	625	933	0.1329830	-0.8956883	1.3433846	-0.9144212	13.6964755	-112.1950680	305.9853985	-278.9427224	-227.0032349	2001.8776165	-5875.5400602	5738.7575046	
14	0.1	3.70	12.8993	441	558	874	0.1431943	-1.0092871	1.5967258	-1.0671745	-0.7498598	-0.8066191	20.5080607	-35.9497098	-177.3266747	1546.8550478	-4488.7330252	4332.3710044	
14	0.04	3.72	11.5674	500	651	772	0.3703051	-2.3275049	3.9194302	-2.3319278	-485.0531462	4027.6352823	-11143.8842759	10272.9389672	3572.8480601	-30566.1046291	87169.8454251	-82869.8407102	
14	0.01	3.72	10.2562	432	577	711	0.2239318	-1.2639635	1.6909114	-0.9459519	116.6321976	-944.9275162	2551.3440849	-2296.9488091	1955.9493727	-16457.0087441	46159.2675118	-43160.7517883	
16	1.0	4.38	17.9945	476	894	1.3e+03	0.0953664	-0.6012136	0.6498466	-0.4466809	1.1287423	-11.2547338	36.5554602	-39.9807382	-363.0127314	3371.8494472	-10428.4333274	10738.5224980	
16	0.4	4.48	15.4338	543	763	1.14e+03	0.1127721	-0.8099455	1.2026123	-0.8201950	-7.9646551	64.3742845	-172.7402560	152.6083534	-195.1874603	1791.6065592	-5469.7454085	5553.7239266	
16	0.2	4.51	14.6976	636	822	1.06e+03	0.1480074	-1.2069761	2.1974735	-1.5422118	309.7157741	-2644.0601777	7523.9658373	-7138.1291092	-751.8853197	6719.6009181	-20006.5139697	19843.3430264	
16	0.1	4.55	14.5303	628	845	971	0.3156065	-2.0411557	3.4364703	-2.0908167	-577.9800909	4999.9175279	-14411.1793345	13838.2536802	7426.1964183	-65920.5067253	195056.7811671	-192393.1017248	
16	0.04	4.59	13.252	600	762	865	0.2335464	-1.4625861	2.1714108	-1.2395088	-1161.0912340	9889.4845092	-28071.1765990	26552.5043459	9893.3158196	-86412.7651667	251592.8581197	-244176.7437279	
16	0.01	4.57	11.7133	536	706	791	0.2241828	-1.2394986	1.5248907	-0.7865111	103.9559702	-873.9265524	2448.9529188	-2288.7475600	14835.4006032	-127985.0619778	368045.1839478	-352797.6755468	
18	1.0	5.27	21.0478	666	961	1.45e+03	0.0546099	-0.4608381	0.5279722	-0.4467557	-2.9017708	24.0276814	-65.5652524	57.5258059	-203.1454109	1962.0576253	-6299.7690178	6724.1045486	
18	0.4	5.37	17.4137	704	877	1.29e+03	0.1175663	-0.8762652	1.3512919	-0.9165315	-148.8468320	1283.1888745	-3687.0913216	3529.7366731	-253.5346308	2369.9932875	-7371.7114730	7628.9501188	
18	0.2	5.43	17.2327	745	933	1.18e+03	0.2821377	-1.9651505	3.5547503	-2.3236615	434.2105697	-3785.0937950	10998.2310088	-10653.8198605	46.2432927	-416.1691624	1257.5809906	-1276.9924695	
18	0.1	5.47	16.2895	724	854	1.08e+03	0.2776959	-1.8413332	3.1084160	-1.9231550	861.3848207	-7450.2492409	21479.3135019	-20643.3224637	653.5172244	-5845.6394503	17437.4386082	-17347.3800879	
18	0.04	5.49	14.63	682	851	952	0.1689263	-1.0894541	1.5137741	-0.8819918	-1848.6441328	15981.3473627	-46044.7086893	44211.9384742	12797.7547103	-113475.7063922	335393.6109567	-330438.3145680	
18	0.01	5.48	13.2258	599	774	874	0.0288113	-0.1144529	-0.4612214	0.3165263	221.3534898	-1878.5690786	5314.2291283	-5012.2025876	8450.0199669	-73932.1755006	215623.4011785	-209626.6767389	
20	1.0	6.19	24.2191	800	1.11e+03	1.37e+03	0.0611590	-0.5164805	0.6439734	-0.5316743	-6.6172885	56.7931849	-161.8044392	151.4996858	5012.8110299	-46277.8327209	142394.4828794	-146031.7481664	
20	0.4	6.31	19.5282	857	1.01e+03	1.4e+03	0.1223298	-0.9787422	1.6343784	-1.1260848	-614.7963377	5462.5297748	-16177.7774214	15968.4130556	-643.5829257	5987.4036080	-18556.6553505	19158.4299200	
20	0.2	6.36	19.1745	842	1.03e+03	1.28e+03	0.2721665	-1.9026593	3.4366541	-2.2574634	699.6323545	-6201.2455336	18321.3657473	-18044.5814498	1071.4701692	-9825.9573608	30043.4542307	-30628.1153791	
20	0.1	6.42	17.4845	817	944	1.17e+03	0.2284311	-1.5517882	2.5752583	-1.6128448	1340.4596910	-11795.0275880	34595.4870908	-33824.8712245	1894.6616783	-17177.1557828	51915.7582048	-52309.9253132	
20	0.04	6.44	15.9526	720	834	1.03e+03	0.2595219	-1.5812434	2.4068249	-1.4076101	-12.8187554	113.3671371	-330.4425017	316.3439361	-637.1934552	5759.5574156	-17342.8730535	17396.1054393	
20	0.01	6.44	14.1357	686	797	955	-0.0548037	0.3352839	-1.2113750	0.7249275	349.9951728	-3008.2856722	8620.1750373	-8235.9891699	-585.5003615	5200.0240067	-15386.2347254	15166.5037307	
22.5	1.0	7.37	28.8864	977	1.35e+03	1.35e+03	0.0720585	-0.6013285	0.8117414	-0.6544845	-1141.1428763	10447.7517273	-31881.3760528	32423.5635718	0.0000000	0.0000000	0.0000000	0.0000000	
22.5	0.4	7.51	22.1865	998	1.14e+03	1.52e+03	0.1009217	-0.8344797	1.3252647	-0.9315119	-636.3992640	5772.6467841	-17453.8472353	17588.7789620	-916.4231848	8632.5852174	-27095.4542611	28336.1624201	
22.5	0.2	7.56	21.3121	964	1.15e+03	1.4e+03	0.2438192	-1.7389244	3.1444986	-2.0999775	1195.0397752	-10789.9937816	32473.6298883	-32578.7371650	3414.5814408	-31761.2381086	98480.8398500	-101790.0350593	
22.5	0.1	7.65	19.5762	919	1.03e+03	1.27e+03	0.1814256	-1.2640835	2.0326240	-1.2850448	1285.8680743	-11496.4093913	34261.5712548	-34037.0883769	4040.0505746	-37099.8529651	113564.9385418	-115879.5939688	
22.5	0.04	7.70	17.9698	811	894	1.13e+03	0.2351409	-1.4413472	2.1780913	-1.2928101	4033.5226173	-35352.9749412	103289.0597588	-100594.7059827	846.2022759	-7564.5864406	22541.7857740	-22392.5507305	
22.5	0.01	7.64	15.3665	799	861	1.05e+03	-0.0649674	0.3489862	-1.1336874	0.6371279	11511.7008367	-100623.6694977	293185.2142886	-284752.2008219	2010.8707526	-18026.0205609	53863.5730379	-53650.6637698	
25	1.0	8.56	34.6922	1.09e+03	1.5e+03	1.5e+03	0.0688397	-0.5560258	0.6566700	-0.5345448	-739.3224911	6880.9393238	-21344.9151849	22066.8458594	0.0000000	0.0000000	0.0000000	0.0000000	
25	0.4	8.76	25.0288	1.13e+03	1.24e+03	1.62e+03	0.1096440	-0.9100910	1.5338830	-1.1215721	-874.6226855	8053.3526667	-24718.0099552	25287.1753310	-1234.7649341	11695.9870271	-36920.1130893	38836.9258976	
25	0.2	8.82	23.2694	1.07e+03	1.23e+03	1.5e+03	0.2287040	-1.6641439	3.0468175	-2.0785248	1221.0847869	-11174.1463971	34084.3734207	-34656.9882253	5540.5434200	-52151.3435720	163628.4736488	-171133.6604784	
25	0.1	8.91	21.2222	1.03e+03	1.13e+03	1.36e+03	0.1694048	-1.1999049	1.9361478	-1.2478916	3408.4432834	-30941.0681873	93625.4429337	-94436.4063669	5439.6285710	-50486.6183519	156192.6128181	-161073.7307012	
25	0.04	8.96	19.5775	920	999	1.23e+03	0.2152618	-1.3685650	2.1163979	-1.2912732	9227.1535930	-82357.2711728	245028.6168083	-243004.7495528	1532.5525794	-13956.5192045	42367.6236722	-42874.1829509	
25	0.01	8.93	16.594	905	953	953	-0.0449597	0.2224201	-0.8782244	0.4761060	26537.5737520	-235926.0514971	699150.3542819	-690630.9734581	0.0000000	0.0000000	0.0000000	0.0000000	
27.5	1.0	9.78	42.8825	1.18e+03	1.69e+03	1.69e+03	0.1199540	-0.8711461	1.2698764	-0.9375460	-635.4302572	5990.8830118	-18824.9608849	19713.3026598	0.0000000	0.0000000	0.0000000	0.0000000	
27.5	0.4	10.01	27.9922	1.23e+03	1.37e+03	1.73e+03	0.0837262	-0.7056055	1.0498062	-0.7690788	-867.5571136	8089.0289628	-25140.6612992	26044.0842676	-2283.1006785	21861.1261667	-69766.0252213	74204.3277403	
27.5	0.2	10.08	25.6649	1.19e+03	1.3e+03	1.62e+03	0.2163965	-1.6229566	3.0458328	-2.1369938	585.5667255	-5422.0819879	16734.8935057	-17218.4097299	-4.5331166	-24.7995441	301.9550380	-564.8220639	
27.5	0.1	10.19	22.8289	1.13e+03	1.21e+03	1.46e+03	0.1708995	-1.2290063	2.0358120	-1.3343676	3267.9092862	-30001.1448039	91808.9147698	-93652.4131125	8020.5885537	-75317.5687444	235753.9686684	-245977.9570121	
27.5	0.04	10.27	21.0346	1.02e+03	1.1e+03	1.31e+03	0.2004441	-1.3045049	2.0418859	-1.2697540	7455.2086286	-67484.5716317	203624.9661982	-204805.8606426	4380.1516485	-40496.5293264	124805.0149317	-128213.6685926	
27.5	0.01	10.21	17.8079	1e+03	1.06e+03	1.06e+03	-0.0333200	0.1476405	-0.7333866	0.3933632	17362.5221011	-156589.9221919	470755.1989591	-471745.7164934	-11994.9476154	54447.1414038	-230.4123447	-165501.7458391	
30	1.0	10.98	53.6816	1.26e+03	1.62e+03	1.89e+03	0.1734378	-1.2499410	2.1338319	-1.6029775	51.9226414	-488.1783820	1530.2239199	-1600.9333999	-6255.3807541	60770.6424195	-196790.2015802	212412.0505907	
30	0.4	11.30	31.4779	1.32e+03	1.47e+03	1.83e+03	0.1019189	-0.8226308	1.3019686	-0.9582599	-480.3894240	4521.2775964	-14184.7198877	14832.6625775	-2412.8772118	23307.2666431	-75038.0092122	80518.4355078	
30	0.2	11.41	28.3246	1.29e+03	1.41e+03	1.74e+03	0.2124227	-1.6237763	3.1227049	-2.2539014	1525.6095712	-14267.5351143	44476.2521113	-46216.6589171	2343.7970205	-22577.0806572	72495.3827273	-77598.6831935	
30	0.1	11.54	24.4441	1.23e+03	1.33e+03	1.57e+03	0.1777601	-1.2970191	2.2210121	-1.4836856	7364.9177509	-68435.7631711	211971.3247396	-218853.4407202	7592.9777333	-72070.9555051	228024.6417421	-240479.6798914	
30	0.04	11.57	22.258	1.11e+03	1.19e+03	1.3e+03	0.1841352	-1.2194278	1.9164115	-1.2156842	13414.7140371	-122928.0027551	375492.3710259	-382326.0659513	41069.1090092	-381831.2546568	1183330.7259880	-1222417.2327136	
30	0.01	11.52	19.1347	1.08e+03	1.15e+03	1.16e+03	-0.0223391	0.0824899	-0.6239454	0.3480121	9251.6742242	-84467.4971829	257063.1277326	-260779.2609769	238.6416644	-744.4858936	-2133.3786565	6660.2088216	
32.5	1.0	12.20	70.1027	1.33e+03	1.79e+03	2.11e+03	0.1603172	-1.1424563	1.8310034	-1.3526046	35.3538024	-336.1523151	1065.6603628	-1128.2289633	139.9228442	-1391.2978831	4610.8765843	-5094.8696008	
32.5	0.4	12.60	35.9181	1.39e+03	1.63e+03	1.77e+03	0.1329085	-1.0164364	1.6864806	-1.2189514	-223.0704243	2121.0904888	-6723.1628479	7101.8825836	-18405.1781717	178545.1900830	-577337.5890350	622276.9067364	
32.5	0.2	12.73	31.0013	1.39e+03	1.43e+03	1.86e+03	0.1871199	-1.4919512	2.9396595	-2.2145665	-1.8231023	20.8578936	-78.1567735	94.3046646	-1130.1282379	10832.1648574	-34597.0052726	36819.5513725	
32.5	0.1	12.85	26.147	1.33e+03	1.39e+03	1.67e+03	0.1709643	-1.2645357	2.1811981	-1.4755044	-671.5357797	6460.5654972	-20703.8092597	22099.8097096	9320.2611506	-89271.0039321	285013.9072898	-303316.5838574	
32.5	0.04	12.87	23.0322	1.22e+03	1.3e+03	1.34e+03	0.1725992	-1.1804531	1.8504905	-1.1562853	11859.4646074	-110032.6128255	340297.9753299	-350817.1327373	-905.7837417	-987.3379952	32650.7878101	-64750.0306553	
32.5	0.01	12.87	19.9756	1.18e+03	1.23e+03	1.23e+03	-0.0068088	-0.0307842	-0.3669643	0.1718724	2027.4176846	-18644.6914785	57155.1324894	-58405.4955550	1729.5493842	-5.8576988	-49519.2082762	102040.9658926	
35	1.0	13.42	95.9646	1.39e+03	1.81e+03	2.3e+03	0.2405042	-1.7863283	3.5249584	-2.8384542	48.1316555	-461.1923356	1472.9291811	-1569.8544416	120.5771377	-1204.7130816	4011.6963737	-4454.3415938	
35	0.4	13.91	41.6069	1.48e+03	1.74e+03	1.74e+03	0.1208946	-0.9359770	1.5164209	-1.1224812	-230.6377089	2210.1386500	-7059.8531008	7515.3929930	-9859.2907125	37350.7213851	68335.8839488	-278166.7349437	
35	0.2	14.08	33.8284	1.48e+03	1.48e+03	1.98e+03	0.1191024	-1.0365743	1.9769646	-1.5767092	24.9160746	-105.6949557	-85.0121696	535.9576250	-620.3426513	5982.0670655	-19219.6593743	20572.1422670	
35	0.1	14.24	28.3067	1.43e+03	1.52e+03	1.8e+03	0.2000433	-1.5119625	2.8180223	-1.9931680	4495.1401756	-42567.0025819	134364.9519240	-141379.9249316	13926.9466202	-134681.8528212	434145.1858745	-466481.5867930	
35	0.04	14.16	23.3549	1.3e+03	1.38e+03	1.38e+03	0.1925509	-1.3321031	2.2202126	-1.4345624	12393.5027130	-115975.5022236	361759.6434345	-376146.8318482	0.0000000	0.0000000	0.0000000	0.0000000	
35	0.01	14.19	20.5951	1.25e+03	1.32e+03	1.32e+03	0.0062517	-0.1248582	-0.1562737	0.0296343	10.2095912	-83.4051452	224.5407300	-200.1168667	-871.0365113	999.7789164	19177.1690562	-43111.8669668	
37.5	1.0	14.64	142.119	1.51e+03	1.85e+03	2.39e+03	0.2094198	-1.5433663	2.8944114	-2.3691868	49.2758526	-475.0136033	1526.3284923	-1636.7966418	-14.7696173	144.1211484	-468.3093512	504.7191824	
37.5	0.4	15.20	48.4216	1.56e+03	1.87e+03	1.87e+03	0.0582909	-0.4716423	0.3950716	-0.2618695	-461.4624312	4468.9795264	-14425.7533749	15519.3689557	0.0000000	0.0000000	0.0000000	0.0000000	
37.5	0.2	15.45	37.0844	1.55e+03	2.06e+03	2.06e+03	0.0721751	-0.7233354	1.3210591	-1.1524087	31.5107332	-342.1632448	1231.4316887	-1471.2805504	0.0000000	0.0000000	0.0000000	0.0000000	
37.5	0.1	15.62	30.1038	1.51e+03	1.58e+03	1.88e+03	0.2045304	-1.5534179	2.9479418	-2.1232660	1564.0657108	-14795.2128539	46649.7232612	-49029.1997767	12256.1911561	-119300.4197308	387081.9555446	-418638.4146096	
37.5	0.04	15.52	23.9698	1.4e+03	1.46e+03	1.46e+03	0.1652095	-1.1788803	1.9345560	-1.2574610	425.2232636	-3883.7004037	11815.5328658	-11975.2311531	9356.0706364	-43245.9813432	-7375.2274903	159916.1549071	
37.5	0.01	15.40	21.0456	1.34e+03	1.42e+03	1.42e+03	0.0100290	-0.1319447	-0.2095666	0.1169446	3634.6370255	-34151.6718393	106966.9397375	-111681.0619090	7.0543545	107.1241660	-883.7018931	1498.8354235	
40	1.0	15.85	277.384	1.66e+03	1.76e+03	2.48e+03	0.7824659	-5.5220460	11.3537336	-7.5698158	-555.2911520	5374.2597546	-17337.4437759	18641.0313984	-49.1834500	485.6974607	-1597.9866602	1749.5126534	
40	0.4	16.53	57.8639	1.61e+03	2.04e+03	2.04e+03	0.0664818	-0.5047921	0.4052332	-0.2292884	-362.2077756	3550.4480061	-11599.3652826	12628.3302116	0.0000000	0.0000000	0.0000000	0.0000000	
40	0.2	16.84	40.8864	1.62e+03	2.12e+03	2.12e+03	0.0122216	-0.2665207	0.2280198	-0.3421244	317.5148596	-3151.7092111	10431.1223603	-11512.5214325	0.0000000	0.0000000	0.0000000	0.0000000	
40	0.1	17.00	31.9803	1.58e+03	1.61e+03	1.99e+03	0.1978535	-1.5471133	3.0123135	-2.2157278	49.8369604	-240.2945020	7.0772609	802.9816518	-537.0043741	5006.9986815	-15514.4246709	15968.7904716	
40	0.04	17.04	26.8549	1.51e+03	1.51e+03	1.54e+03	0.1441624	-1.0757215	1.7858350	-1.2080632	451.8698489	-2128.9949501	-154.8307279	7488.9188104	43.2028867	-27.7709753	-1114.1205669	2432.7665887	
40	0.01	16.77	20.6127	1.42e+03	1.51e+03	1.51e+03	0.0171123	-0.1769360	-0.1420268	0.1003257	9177.5158769	-86988.0117708	274835.6771547	-289446.6523569	0.0000000	0.0000000	0.0000000	0.0000000	
42.5	1.0	17.03	890.913	1.83e+03	2.08e+03	2.39e+03	0.1203908	-0.8837570	1.8191596	-3.0022149	-66.8121521	662.6212833	-2189.6506700	2408.6789216	-130.3004459	1299.2519006	-4317.7949077	4780.2345642	
42.5	0.4	17.91	71.1729	1.66e+03	2.21e+03	2.21e+03	0.1356573	-1.0189000	1.6596199	-1.2590913	-138.5216723	1375.6922990	-4552.6314701	5018.5461394	0.0000000	0.0000000	0.0000000	0.0000000	
42.5	0.2	18.27	45.7258	1.7e+03	1.83e+03	2.17e+03	0.0391878	-0.3643617	0.2350248	-0.2013524	-904.6391443	8793.3573301	-28491.9645152	30771.6849989	392.9802204	-3889.4726150	12835.4599418	-14124.8786815	
42.5	0.1	18.44	33.3701	1.66e+03	1.71e+03	2.07e+03	0.2064549	-1.6162080	3.1951607	-2.3771198	76.6920436	-415.2619568	291.2210683	805.4868987	9948.7772924	-97939.4271741	321385.8480607	-351542.5999233	
42.5	0.04	18.47	29.1477	1.59e+03	1.61e+03	1.62e+03	0.1452994	-1.0985235	1.8584181	-1.2738466	164.0625285	-708.6979340	-504.3181622	3493.0951836	-2243.7504415	-1151.8478850	76773.4285502	-160360.8012467	
42.5	0.01	18.06	20.2186	1.51e+03	1.59e+03	1.59e+03	0.0302965	-0.2686019	0.0528186	-0.0233365	10493.8574167	-100207.0530554	318964.2479841	-338429.5600160	0.0000000	0.0000000	0.0000000	0.0000000	
45	1.0	18.23	594.768	1.96e+03	2.38e+03	2.38e+03	0.3875683	-2.9699384	6.6489255	-5.8633632	-38.1386628	376.6545909	-1239.3525731	1356.3847029	0.0000000	0.0000000	0.0000000	0.0000000	
45	0.4	19.25	89.2945	1.69e+03	2.05e+03	2.39e+03	0.1425829	-1.0518487	1.6875434	-1.2526698	17.1143706	-167.4458534	545.9333350	-595.0957797	-954.8072385	9577.6787737	-32023.1411533	35686.4268022	
45	0.2	19.65	49.743	1.76e+03	1.92e+03	2.22e+03	0.0787230	-0.6124470	0.7067117	-0.4649930	-825.7435396	8069.4902775	-26286.5938856	28541.7439929	-2851.5098903	28365.9244448	-94053.6180725	103944.9224779	
45	0.1	19.97	34.9688	1.74e+03	2.15e+03	2.15e+03	0.1939046	-1.5563420	3.1262584	-2.3802086	6280.3043576	-62108.6787604	204744.0238462	-224987.7095834	0.0000000	0.0000000	0.0000000	0.0000000	
45	0.04	19.70	25.8662	1.67e+03	1.68e+03	1.69e+03	0.1414821	-1.0657054	1.7559600	-1.1638111	185.9456813	234.8423307	-7302.0926791	14867.9690169	-5955.4192235	23831.0863287	32335.0086896	-152383.7706770	
45	0.01	19.47	19.4832	1.62e+03	1.67e+03	1.68e+03	0.0514618	-0.4048260	0.3119805	-0.1740253	31.4881334	-160.1361988	57.0700545	423.7660146	1150.6819763	-3972.8991069	-10237.6097502	35739.2482823	
47.5	1.0	19.46	350.064	2.07e+03	2.36e+03	2.36e+03	0.4762382	-3.6012503	8.0480851	-6.7968813	-3.9092110	34.2247450	-97.5238301	87.2743878	0.0000000	0.0000000	0.0000000	0.0000000	
47.5	0.4	20.61	114.502	1.74e+03	2.03e+03	2.5e+03	0.2270954	-1.7328434	3.4935420	-2.8518808	29.0264407	-285.0736453	932.8889650	-1019.2094908	75.9815854	-755.4222406	2503.2716143	-2766.8001610	
47.5	0.2	21.08	58.1237	1.81e+03	2.04e+03	2.04e+03	0.1035720	-0.7880242	1.1059209	-0.7700374	-657.3760747	6463.6079997	-21184.4464571	23142.1597882	0.0000000	0.0000000	0.0000000	0.0000000	
47.5	0.1	21.47	41.0771	1.79e+03	2.2e+03	2.2e+03	0.1467104	-1.2540909	2.5421065	-2.0582161	4970.0812331	-49325.5821852	163177.2133739	-179940.0719843	0.0000000	0.0000000	0.0000000	0.0000000	
47.5	0.04	21.12	24.7512	1.76e+03	1.77e+03	1.78e+03	0.1604953	-1.2000263	2.0373302	-1.3474225	93.3503592	-206.6349655	-1597.8194904	4169.1748221	-1158.0922185	-946.9954147	42910.6165863	-89703.3884481	
47.5	0.01	20.97	22.7546	1.66e+03	1.73e+03	1.73e+03	0.0770793	-0.5818917	0.7057769	-0.4557385	20.5478065	-76.9955481	-141.5182405	566.3939246	24.5982903	-278.6036274	1057.6757693	-1340.2961532	
50	1.0	20.69	247.59	2.2e+03	2.24e+03	2.24e+03	0.2942414	-2.1147751	4.0274156	-3.1974420	-17.7296776	196.7662141	-721.0304587	871.4513507	0.0000000	0.0000000	0.0000000	0.0000000	
50	0.4	21.97	150.48	1.82e+03	2.02e+03	2.58e+03	0.1179752	-0.8185703	0.9645350	-0.5748689	18.4186591	-182.4338316	601.9065360	-663.5403166	141.3372991	-1418.4922823	4745.1737507	-5292.9748292	
50	0.2	22.54	65.56	1.86e+03	2.18e+03	2.18e+03	0.1216513	-0.9241556	1.4356685	-1.0390087	-511.1426544	5059.7801912	-16695.1159770	18359.8634185	0.0000000	0.0000000	0.0000000	0.0000000	
50	0.1	22.73	38.0299	1.83e+03	2.27e+03	2.27e+03	0.2218519	-1.7635935	3.6425970	-2.8042128	5525.5376872	-54773.5271404	181000.7848850	-199390.8384523	0.0000000	0.0000000	0.0000000	0.0000000	
50	0.04	22.79	28.9933	1.82e+03	1.84e+03	1.84e+03	0.1741049	-1.3125305	2.3407012	-1.6117532	230.7024219	-1203.2506247	493.0377760	3185.6063999	-381.0095362	1643.3090386	1725.4416928	-9892.0830505	
50	0.01	22.73	25.029	1.75e+03	1.82e+03	1.82e+03	0.1152874	-0.8392596	1.2254704	-0.7885837	14.3217226	-11.6172174	-374.5897085	846.8425431	1033.4320240	-1366.7636625	-24025.3523942	57042.2142197	
52.5	1.0	21.05	261.952	2.08e+03	2.08e+03	2.08e+03	0.3982359	-2.7968799	5.4605800	-4.1919467	-1111.5329142	1667.0635541	25631.7143702	-62798.8693820	0.0000000	0.0000000	0.0000000	0.0000000	
52.5	0.4	23.41	227.97	1.97e+03	2.02e+03	2.63e+03	-0.9064557	8.2980186	-25.9384854	25.6674825	-3.5237985	48.3820695	-204.4957720	272.4772749	154.6448606	-1554.5870396	5209.0842309	-5820.1059567	
52.5	0.2	23.98	77.2813	1.9e+03	2.11e+03	2.35e+03	0.1046686	-0.7900231	1.0785382	-0.7329503	-15.6214015	164.1664848	-572.8227320	661.9548208	-1330.2312947	13326.7294276	-44502.9387681	49534.2289832	
52.5	0.1	24.46	46.0849	1.89e+03	2.34e+03	2.34e+03	0.1949684	-1.5805134	3.2978023	-2.6668315	1973.4282923	-19770.2697923	66025.7972847	-73507.1598995	0.0000000	0.0000000	0.0000000	0.0000000	
52.5	0.04	23.68	23.677	1.89e+03	1.9e+03	1.9e+03	0.1620795	-1.2170772	2.0817092	-1.3664287	520.8139536	-1944.1929896	-4024.7166158	15737.4470209	-25662.0217923	136791.1915204	-69270.6978903	-338898.2165641	
55	1.0	22.29	210.705	2.1e+03	2.11e+03	2.11e+03	0.3324894	-2.3094897	4.2693627	-3.2310709	-226.8300856	-629.5032490	11693.0121982	-23583.8037078	0.0000000	0.0000000	0.0000000	0.0000000	
55	0.4	24.82	392.364	2.04e+03	2.69e+03	2.69e+03	1.0680077	-8.6325145	21.9802876	-19.1013117	115.4646883	-1164.5574656	3915.0267900	-4389.1830234	0.0000000	0.0000000	0.0000000	0.0000000	
55	0.2	25.46	100.867	1.95e+03	2.51e+03	2.51e+03	0.2073996	-1.5848843	3.0908305	-2.4251564	-203.6736457	2038.8608396	-6802.3544075	7561.9896485	0.0000000	0.0000000	0.0000000	0.0000000	
55	0.1	26.22	59.4739	2.01e+03	2.39e+03	2.39e+03	0.0481181	-0.4598902	0.5455051	-0.5295792	5088.6469266	-51051.9694807	170725.8738922	-190311.9747257	0.0000000	0.0000000	0.0000000	0.0000000	
55	0.04	26.15	36.1363	1.95e+03	1.97e+03	1.97e+03	0.2300420	-1.7488532	3.4414979	-2.5250876	269.6788392	-784.2964684	-3595.6051649	10713.3592826	0.0000000	0.0000000	0.0000000	0.0000000	
55	0.01	25.61	20.2618	1.94e+03	1.97e+03	1.98e+03	0.1277320	-0.9268349	1.4053904	-0.8904382	66.8412883	76.1642123	-2665.8418619	5564.2275429	941.2659298	-3777.5509261	-5735.3937439	26236.7167977	
57.5	1.0	23.46	174.735	2.12e+03	2.13e+03	2.13e+03	0.2396581	-1.6586250	2.8368950	-2.2878066	-328.8494678	-55.3253966	11275.9398080	-24794.7092193	0.0000000	0.0000000	0.0000000	0.0000000	
57.5	0.4	26.17	812.71	2.16e+03	2.39e+03	2.7e+03	0.3395731	-2.4618796	5.3411460	-5.2164027	76.6876471	-774.0173068	2603.9461265	-2922.1205496	-1281.0360634	13099.6304712	-44650.2730040	50726.8260203	
57.5	0.2	26.89	117.836	1.99e+03	2.24e+03	2.6e+03	0.2558226	-2.0244929	4.4010110	-3.7075244	-153.8601215	1541.6714248	-5148.6698685	5729.0590965	-693.9147760	7021.3854111	-23681.0915664	26620.1403514	
57.5	0.1	27.52	60.2943	2.03e+03	2.45e+03	2.45e+03	-0.0005152	-0.0670830	-0.4985568	0.3822570	4719.5039325	-47524.4616557	159522.1080621	-178488.3054790	0.0000000	0.0000000	0.0000000	0.0000000	
57.5	0.04	27.48	36.2379	2.01e+03	2.03e+03	2.03e+03	0.2314151	-1.7675425	3.5152046	-2.5984376	352.3348446	-2026.5388538	1862.7470654	3258.2113114	0.0000000	0.0000000	0.0000000	0.0000000	
57.5	0.01	26.58	21.9856	1.97e+03	2.01e+03	2.03e+03	0.1460628	-1.0668190	1.7287799	-1.1164260	78.8163476	-356.3602279	-216.2079720	1760.1426294	754.7138065	-19.0429798	-24589.8203388	54230.1043579	
60	1.0	24.53	98.8629	1.86e+03	1.86e+03	1.86e+03	0.1360198	-0.9358083	1.1861405	-1.0892449	-7.3201312	34.0121053	12.5783707	-151.2999561	0.0000000	0.0000000	0.0000000	0.0000000	
60	0.4	27.47	1342.32	2.25e+03	2.73e+03	2.73e+03	0.2426504	-1.9193073	4.2097044	-3.9555498	92.5492008	-933.5772921	3138.8128151	-3519.6165005	0.0000000	0.0000000	0.0000000	0.0000000	
60	0.2	28.43	160.999	2.02e+03	2.68e+03	2.68e+03	-0.0268086	0.4149819	-2.5519800	2.7998367	-164.8540061	1666.9798207	-5618.1912201	6308.9419568	0.0000000	0.0000000	0.0000000	0.0000000	
60	0.1	28.91	61.177	2.08e+03	2.44e+03	2.44e+03	0.0136131	-0.1873828	-0.1658467	0.0885018	31239.0017576	-313420.7808656	1048191.0224668	-1168518.0128607	0.0000000	0.0000000	0.0000000	0.0000000	
60	0.04	28.18	25.9955	2.07e+03	2.07e+03	2.07e+03	0.1944473	-1.4658113	2.6896251	-1.8383919	151.2803340	-606.0580093	-345.9265012	2293.1376179	0.0000000	0.0000000	0.0000000	0.0000000	
60	0.01	28.85	22.5705	2.1e+03	2.13e+03	2.13e+03	0.1368629	-1.0114175	1.5837593	-1.0081004	594.6440342	-2984.4207714	144.7176496	10652.6403966	0.0000000	0.0000000	0.0000000	0.0000000	
62.5	0.4	28.86	271.732	2.33e+03	2.78e+03	2.78e+03	0.7063170	-5.4640909	12.8674233	-10.6008957	-47.6140092	496.0421848	-1721.9035402	1989.3713705	0.0000000	0.0000000	0.0000000	0.0000000	
62.5	0.2	29.82	188.122	2.08e+03	2.74e+03	2.74e+03	0.0810304	-0.3690903	-0.7482883	1.5049839	-160.4935878	1631.4908235	-5527.6783775	6240.0393646	0.0000000	0.0000000	0.0000000	0.0000000	
62.5	0.1	30.13	51.9005	2.09e+03	2.46e+03	2.46e+03	0.0475950	-0.4908680	0.6941116	-0.6667302	14862.7586215	-149187.2110833	499178.0165847	-556764.7439357	0.0000000	0.0000000	0.0000000	0.0000000	
62.5	0.04	30.15	31.1459	2.13e+03	2.14e+03	2.14e+03	0.2258008	-1.7326216	3.3950977	-2.4431764	-6.1850847	-28.8806656	866.7194365	-2338.9159312	0.0000000	0.0000000	0.0000000	0.0000000	
62.5	0.01	30.51	21.3636	2.18e+03	2.21e+03	2.21e+03	0.1460352	-1.0775038	1.7174151	-1.0899619	329.3139339	-1857.8308786	1403.8705527	3764.3820246	0.0000000	0.0000000	0.0000000	0.0000000	
65	0.4	30.26	481.237	2.41e+03	2.8e+03	2.8e+03	0.7107723	-5.7178333	14.2513328	-12.5717184	-441.6829419	4541.1700746	-15562.8185197	17775.2738555	0.0000000	0.0000000	0.0000000	0.0000000	
65	0.2	31.33	281.434	2.18e+03	2.8e+03	2.8e+03	0.8902422	-6.8732602	16.3060629	-13.0606914	-178.5674154	1814.6509107	-6146.2396522	6936.1634798	0.0000000	0.0000000	0.0000000	0.0000000	
65	0.1	31.97	70.0837	2.18e+03	2.52e+03	2.52e+03	0.0191128	-0.1842282	-0.2871053	0.2510501	25524.3338801	-257438.5716912	865521.8994884	-969991.9650700	0.0000000	0.0000000	0.0000000	0.0000000	
65	0.04	30.82	24.4856	2.16e+03	2.17e+03	2.17e+03	0.1872410	-1.4350304	2.6488378	-1.8137066	-184.4717975	867.3571594	560.7403658	-4676.2399028	0.0000000	0.0000000	0.0000000	0.0000000	
65	0.01	31.82	23.8238	2.22e+03	2.24e+03	2.24e+03	0.1582348	-1.1709714	1.9686499	-1.2986950	698.3016568	-1299.7429347	-14755.7878664	37763.6925099	0.0000000	0.0000000	0.0000000	0.0000000	
67.5	0.4	31.61	687.502	2.52e+03	2.82e+03	2.82e+03	0.4172312	-3.3107648	7.8784710	-7.2284540	-2107.7611635	21673.0410176	-74283.1242995	84863.4117366	0.0000000	0.0000000	0.0000000	0.0000000	
67.5	0.2	32.85	457.025	2.31e+03	2.82e+03	2.82e+03	1.6859934	-14.2700857	38.7218757	-35.1828651	-522.4863988	5335.1504007	-18157.8526916	20596.0112025	0.0000000	0.0000000	0.0000000	0.0000000	
67.5	0.1	33.23	70.2459	2.24e+03	2.54e+03	2.54e+03	0.0258994	-0.2519080	-0.0779887	0.0705933	33204.2138789	-335625.5507264	1130839.4623144	-1270080.7021702	0.0000000	0.0000000	0.0000000	0.0000000	
67.5	0.04	32.84	28.4874	2.2e+03	2.22e+03	2.22e+03	0.1874765	-1.4580791	2.7499097	-1.9361669	237.9477173	429.0425241	-10845.1148524	22568.8734766	0.0000000	0.0000000	0.0000000	0.0000000	
70	0.4	33.04	380.705	2.64e+03	2.81e+03	2.81e+03	0.4510313	-3.7890142	9.7904595	-9.5552474	-11963.0171550	123198.5159703	-422908.3744848	483906.0631021	0.0000000	0.0000000	0.0000000	0.0000000	
70	0.2	34.31	950.613	2.36e+03	2.86e+03	2.86e+03	-0.08995139	0.66848123	-2.61934709	2.45718521	-487.50998557	4986.74931635	-17002.22061878	19319.61919328	0.0	0.0	0.0	0.0	
70	0.1	34.83	74.9367	2.32e+03	2.55e+03	2.55e+03	-0.0579852	0.4660093	-2.0815449	1.8766276	118255.5528153	-1199281.3703504	4054157.8524123	-4568360.0202544	0.0000000	0.0000000	0.0000000	0.0000000	
70	0.04	34.20	27.5757	2.09e+03	2.27e+03	2.27e+03	0.2146940	-1.6291655	3.1101723	-2.1863406	28263.6753570	-282621.3496587	942018.1008537	-1046627.8870757	0.0000000	0.0000000	0.0000000	0.0000000	
70	0.01	35.60	21.7182	2.15e+03	2.37e+03	2.37e+03	0.0811536	-0.6612420	0.8744329	-0.5391245	-727.4969670	7446.2815547	-25392.2934754	28846.8928698	0.0000000	0.0000000	0.0000000	0.0000000	
72.5	0.4	34.48	449.652	2.73e+03	2.85e+03	2.85e+03	0.5441304	-4.3475690	10.5170020	-9.2279227	-57.1194378	300.7651171	-38.0449588	-1105.4003644	0.0000000	0.0000000	0.0000000	0.0000000	
72.5	0.2	35.73	1952.12	2.45e+03	2.84e+03	2.84e+03	0.3686577	-2.8880309	6.9931809	-7.1145516	-615.1980303	6296.5476397	-21481.1220417	24425.2357913	0.0000000	0.0000000	0.0000000	0.0000000	
72.5	0.1	36.43	87.6704	2.39e+03	2.47e+03	2.47e+03	0.0546039	-0.3233677	-0.3532307	0.7098527	-27.0005098	155.8650389	-128.1475682	-306.9628121	0.0000000	0.0000000	0.0000000	0.0000000	
72.5	0.04	35.99	33.6246	2.04e+03	2.31e+03	2.31e+03	0.2646084	-2.0408546	4.1772285	-3.0704431	7423.1132734	-74109.8875758	246628.2793909	-273583.2316052	0.0000000	0.0000000	0.0000000	0.0000000	
72.5	0.01	37.49	23.1197	2.18e+03	2.43e+03	2.43e+03	0.0781998	-0.6389767	0.8173585	-0.4990310	221.8834535	-2142.2161879	6884.6531131	-7366.3202381	0.0000000	0.0000000	0.0000000	0.0000000	
75	0.4	35.86	310.23	2.84e+03	2.85e+03	2.85e+03	0.3106879	-2.3821091	5.0853911	-4.3296999	68.3082782	-79.8982311	-1900.3913513	4700.0347061	0.0000000	0.0000000	0.0000000	0.0000000	
75	0.2	37.21	1772.15	2.51e+03	2.88e+03	2.88e+03	0.2635872	-2.1098420	4.7630468	-4.4353036	-894.6712951	9186.6649748	-31442.9556233	35870.1269908	0.0000000	0.0000000	0.0000000	0.0000000	
75	0.1	38.23	123.145	2.38e+03	2.72e+03	2.72e+03	0.2538294	-1.9646311	4.0800541	-3.2314247	-786.8512460	8023.4480872	-27270.8005236	30894.0185685	0.0000000	0.0000000	0.0000000	0.0000000	
75	0.01	38.23	23.2795	2.27e+03	2.47e+03	2.47e+03	0.0837033	-0.6796575	0.8937566	-0.5304295	51.6266877	-154.2244444	-715.3799018	2184.4371903	0.0000000	0.0000000	0.0000000	0.0000000	
77.5	0.4	37.25	275.588	2.85e+03	2.86e+03	2.86e+03	0.3538173	-2.7156146	5.8792817	-4.8827096	-125.6425513	619.3099273	211.9677143	-2945.6408068	0.0000000	0.0000000	0.0000000	0.0000000	
77.5	0.2	38.93	232.004	2.57e+03	2.94e+03	2.94e+03	0.3048114	-2.5133704	6.0847556	-5.8831696	-901.4806881	9280.7779447	-31848.0492592	36427.1487840	0.0000000	0.0000000	0.0000000	0.0000000	
77.5	0.1	39.62	134.072	2.43e+03	2.76e+03	2.76e+03	0.0855815	-0.5727052	0.2762094	0.2041973	-1158.8166955	11848.9433470	-40384.2179512	45876.6146106	0.0000000	0.0000000	0.0000000	0.0000000	
77.5	0.04	38.57	27.1869	2.09e+03	2.37e+03	2.37e+03	0.2722496	-2.0564767	4.1074806	-2.9174070	5026.8681764	-50321.1185333	167911.3919277	-186763.4129701	0.0000000	0.0000000	0.0000000	0.0000000	
77.5	0.01	40.39	24.5819	2.29e+03	2.54e+03	2.54e+03	0.0934549	-0.7502337	1.0590445	-0.6644661	1750.0564330	-17534.9777968	58559.6862422	-65184.6564418	0.0000000	0.0000000	0.0000000	0.0000000	
80	0.4	38.63	246.292	2.85e+03	2.85e+03	2.85e+03	0.3245777	-2.6453978	6.2682258	-5.8956375	0.0000000	0.0000000	0.0000000	0.0000000	0.0000000	0.0000000	0.0000000	0.0000000	
80	0.2	40.29	298.964	2.64e+03	2.97e+03	2.97e+03	0.8101642	-6.5434788	16.4503053	-14.4045087	-898.4938378	9267.9739566	-31866.0422798	36518.9500558	0.0000000	0.0000000	0.0000000	0.0000000	
80	0.1	41.30	160.722	2.46e+03	2.9e+03	2.9e+03	0.0095141	0.1201595	-1.8145694	2.2833536	-261.9237908	2677.6949338	-9124.1525740	10360.5497948	0.0000000	0.0000000	0.0000000	0.0000000	
80	0.04	39.88	26.8656	2.28e+03	2.4e+03	2.4e+03	0.2970736	-2.2382018	4.5473671	-3.2585820	4014.7521234	-40216.6576211	134285.4720989	-149462.9965164	0.0000000	0.0000000	0.0000000	0.0000000	
80	0.01	41.79	24.6132	2.32e+03	2.58e+03	2.58e+03	0.0901652	-0.7298094	1.0171662	-0.6340868	6235.6627826	-63161.7353935	213257.3063702	-240013.6176774	0.0000000	0.0000000	0.0000000	0.0000000	
